-5.579964160919189453e+00
-1.223114132881164551e+00
-5.579614639282226562e+00
-5.585405826568603516e+00
-5.582429885864257812e+00
-5.622027873992919922e+00
-5.583116531372070312e+00
-5.608307838439941406e+00
3.229451656341552734e+00
-5.961218833923339844e+00
-5.540475845336914062e+00
-5.539264202117919922e+00
4.524940967559814453e+00
-5.586583137512207031e+00
-5.785239696502685547e+00
-5.529632091522216797e+00
-5.656439304351806641e+00
-5.551015853881835938e+00
-5.569479942321777344e+00
-5.578383445739746094e+00
-5.621155261993408203e+00
-5.635446548461914062e+00
-5.582431793212890625e+00
-5.527802467346191406e+00
-5.584803581237792969e+00
-5.621510982513427734e+00
-5.558961868286132812e+00
-2.317108154296875000e+00
-5.577002048492431641e+00
-5.570651531219482422e+00
-5.696226119995117188e+00
-5.612932205200195312e+00
