-0.000000000000000000e+00 -0.000000000000000000e+00 -0.000000000000000000e+00 3.325563192367553711e+00
1.548506915569305420e-01 7.422269880771636963e-02 8.777434937655925751e-03 1.444103240966796875e+00
-0.000000000000000000e+00 -0.000000000000000000e+00 -0.000000000000000000e+00 3.364236593246459961e+00
-0.000000000000000000e+00 -0.000000000000000000e+00 -0.000000000000000000e+00 3.296801805496215820e+00
-0.000000000000000000e+00 -0.000000000000000000e+00 -0.000000000000000000e+00 3.351042747497558594e+00
-0.000000000000000000e+00 -0.000000000000000000e+00 -0.000000000000000000e+00 3.235152244567871094e+00
-0.000000000000000000e+00 -0.000000000000000000e+00 -0.000000000000000000e+00 3.311037302017211914e+00
-0.000000000000000000e+00 -0.000000000000000000e+00 -0.000000000000000000e+00 3.260677814483642578e+00
1.310948967933654785e+00 3.085808455944061279e-02 3.868279978632926941e-03 4.534825801849365234e+00
-0.000000000000000000e+00 -0.000000000000000000e+00 -0.000000000000000000e+00 2.551270008087158203e+00
-0.000000000000000000e+00 -0.000000000000000000e+00 -0.000000000000000000e+00 3.594813823699951172e+00
-0.000000000000000000e+00 -0.000000000000000000e+00 -0.000000000000000000e+00 3.676869630813598633e+00
-0.000000000000000000e+00 4.528004676103591919e-03 5.954533070325851440e-02 9.497933387756347656e+00
-0.000000000000000000e+00 -0.000000000000000000e+00 -0.000000000000000000e+00 3.376234769821166992e+00
-0.000000000000000000e+00 -0.000000000000000000e+00 -0.000000000000000000e+00 2.826372861862182617e+00
-0.000000000000000000e+00 -0.000000000000000000e+00 -0.000000000000000000e+00 3.654520750045776367e+00
-0.000000000000000000e+00 -0.000000000000000000e+00 -0.000000000000000000e+00 3.126223325729370117e+00
-0.000000000000000000e+00 -0.000000000000000000e+00 -0.000000000000000000e+00 3.508425712585449219e+00
-0.000000000000000000e+00 -0.000000000000000000e+00 -0.000000000000000000e+00 3.358137607574462891e+00
-0.000000000000000000e+00 -0.000000000000000000e+00 -0.000000000000000000e+00 3.370632410049438477e+00
-0.000000000000000000e+00 -0.000000000000000000e+00 -0.000000000000000000e+00 3.237244844436645508e+00
-0.000000000000000000e+00 -0.000000000000000000e+00 -0.000000000000000000e+00 3.212947607040405273e+00
-0.000000000000000000e+00 -0.000000000000000000e+00 -0.000000000000000000e+00 3.332515001296997070e+00
-0.000000000000000000e+00 -0.000000000000000000e+00 -0.000000000000000000e+00 3.686873197555541992e+00
-0.000000000000000000e+00 -0.000000000000000000e+00 -0.000000000000000000e+00 3.313742876052856445e+00
-0.000000000000000000e+00 -0.000000000000000000e+00 -0.000000000000000000e+00 3.246862173080444336e+00
-0.000000000000000000e+00 -0.000000000000000000e+00 -0.000000000000000000e+00 3.411586046218872070e+00
8.280285000801086426e-01 1.026967525482177734e+00 1.639117598533630371e+00 4.348584916442632675e-04
-0.000000000000000000e+00 -0.000000000000000000e+00 -0.000000000000000000e+00 3.327035665512084961e+00
-0.000000000000000000e+00 -0.000000000000000000e+00 -0.000000000000000000e+00 3.355168581008911133e+00
-0.000000000000000000e+00 -0.000000000000000000e+00 -0.000000000000000000e+00 3.033679485321044922e+00
-0.000000000000000000e+00 -0.000000000000000000e+00 -0.000000000000000000e+00 3.257273912429809570e+00
