-1.630809426307678223e+00
6.223694086074829102e-01
-2.022320985794067383e+00
-1.984519720077514648e+00
-2.304357767105102539e+00
-2.053070783615112305e+00
-2.265703916549682617e+00
-1.958854556083679199e+00
-2.271663188934326172e+00
-1.747860789299011230e+00
-1.991223216056823730e+00
-2.136614799499511719e+00
-5.442184805870056152e-01
-2.098561763763427734e+00
-2.199043035507202148e+00
-3.079107701778411865e-01
-1.581150174140930176e+00
-6.977885961532592773e-01
-1.887661337852478027e+00
-2.234016180038452148e+00
-1.753640770912170410e-01
-2.047357797622680664e+00
-1.649468779563903809e+00
-1.890237092971801758e+00
-1.353590607643127441e+00
-1.967698812484741211e+00
-1.639834761619567871e+00
-1.386188149452209473e+00
-1.980883598327636719e+00
-2.283547639846801758e+00
-2.256033420562744141e+00
6.665729284286499023e-01
