-1.781188845634460449e+00 0.000000000000000000e+00 0.000000000000000000e+00 0.000000000000000000e+00 -1.781188845634460449e+00 0.000000000000000000e+00 0.000000000000000000e+00 0.000000000000000000e+00 4.469500854611396790e-03
-1.726484060287475586e+00 0.000000000000000000e+00 0.000000000000000000e+00 0.000000000000000000e+00 -1.726484060287475586e+00 0.000000000000000000e+00 0.000000000000000000e+00 0.000000000000000000e+00 2.862425521016120911e-03
-1.672636747360229492e+00 0.000000000000000000e+00 0.000000000000000000e+00 0.000000000000000000e+00 -1.672636747360229492e+00 0.000000000000000000e+00 0.000000000000000000e+00 0.000000000000000000e+00 1.627751626074314117e-03
-1.619727969169616699e+00 0.000000000000000000e+00 0.000000000000000000e+00 0.000000000000000000e+00 -1.619727969169616699e+00 0.000000000000000000e+00 0.000000000000000000e+00 0.000000000000000000e+00 7.248125039041042328e-04
-1.567826747894287109e+00 0.000000000000000000e+00 0.000000000000000000e+00 0.000000000000000000e+00 -1.567826747894287109e+00 0.000000000000000000e+00 0.000000000000000000e+00 0.000000000000000000e+00 5.679484456777572632e-05
-1.516981244087219238e+00 0.000000000000000000e+00 0.000000000000000000e+00 0.000000000000000000e+00 -1.516981244087219238e+00 0.000000000000000000e+00 0.000000000000000000e+00 0.000000000000000000e+00 -3.884453326463699341e-04
-1.467227578163146973e+00 0.000000000000000000e+00 0.000000000000000000e+00 0.000000000000000000e+00 -1.467227578163146973e+00 0.000000000000000000e+00 0.000000000000000000e+00 0.000000000000000000e+00 -6.774007342755794525e-04
-1.418587207794189453e+00 0.000000000000000000e+00 0.000000000000000000e+00 0.000000000000000000e+00 -1.418587207794189453e+00 0.000000000000000000e+00 0.000000000000000000e+00 0.000000000000000000e+00 -8.515897206962108612e-04
-1.371066689491271973e+00 0.000000000000000000e+00 0.000000000000000000e+00 0.000000000000000000e+00 -1.371066689491271973e+00 0.000000000000000000e+00 0.000000000000000000e+00 0.000000000000000000e+00 -9.266589768230915070e-04
-1.324663281440734863e+00 0.000000000000000000e+00 0.000000000000000000e+00 0.000000000000000000e+00 -1.324663281440734863e+00 0.000000000000000000e+00 0.000000000000000000e+00 0.000000000000000000e+00 -9.532209951430559158e-04
-1.279364228248596191e+00 0.000000000000000000e+00 0.000000000000000000e+00 0.000000000000000000e+00 -1.279364228248596191e+00 0.000000000000000000e+00 0.000000000000000000e+00 0.000000000000000000e+00 -9.568030945956707001e-04
-1.235145807266235352e+00 0.000000000000000000e+00 0.000000000000000000e+00 0.000000000000000000e+00 -1.235145807266235352e+00 0.000000000000000000e+00 0.000000000000000000e+00 0.000000000000000000e+00 -9.373442735522985458e-04
-1.191976666450500488e+00 0.000000000000000000e+00 0.000000000000000000e+00 0.000000000000000000e+00 -1.191976666450500488e+00 0.000000000000000000e+00 0.000000000000000000e+00 0.000000000000000000e+00 -9.108912199735641479e-04
-1.149824142456054688e+00 0.000000000000000000e+00 0.000000000000000000e+00 0.000000000000000000e+00 -1.149824142456054688e+00 0.000000000000000000e+00 0.000000000000000000e+00 0.000000000000000000e+00 -8.899290114641189575e-04
-1.108649969100952148e+00 0.000000000000000000e+00 0.000000000000000000e+00 0.000000000000000000e+00 -1.108649969100952148e+00 0.000000000000000000e+00 0.000000000000000000e+00 0.000000000000000000e+00 -9.028466884046792984e-04
-1.068409681320190430e+00 0.000000000000000000e+00 0.000000000000000000e+00 0.000000000000000000e+00 -1.068409681320190430e+00 0.000000000000000000e+00 0.000000000000000000e+00 0.000000000000000000e+00 -9.345526341348886490e-04
-1.029063344001770020e+00 0.000000000000000000e+00 0.000000000000000000e+00 0.000000000000000000e+00 -1.029063344001770020e+00 0.000000000000000000e+00 0.000000000000000000e+00 0.000000000000000000e+00 -1.009832718409597874e-03
-9.905588626861572266e-01 0.000000000000000000e+00 0.000000000000000000e+00 0.000000000000000000e+00 -9.905588626861572266e-01 0.000000000000000000e+00 0.000000000000000000e+00 0.000000000000000000e+00 -1.086506992578506470e-03
-9.528536200523376465e-01 0.000000000000000000e+00 0.000000000000000000e+00 0.000000000000000000e+00 -9.528536200523376465e-01 0.000000000000000000e+00 0.000000000000000000e+00 0.000000000000000000e+00 -1.185378991067409515e-03
-9.159067869186401367e-01 0.000000000000000000e+00 0.000000000000000000e+00 0.000000000000000000e+00 -9.159067869186401367e-01 0.000000000000000000e+00 0.000000000000000000e+00 0.000000000000000000e+00 -1.325063989497721195e-03
-8.796675205230712891e-01 0.000000000000000000e+00 0.000000000000000000e+00 0.000000000000000000e+00 -8.796675205230712891e-01 0.000000000000000000e+00 0.000000000000000000e+00 0.000000000000000000e+00 -1.459811232052743435e-03
-8.440971970558166504e-01 0.000000000000000000e+00 0.000000000000000000e+00 0.000000000000000000e+00 -8.440971970558166504e-01 0.000000000000000000e+00 0.000000000000000000e+00 0.000000000000000000e+00 -1.607421785593032837e-03
-8.091562986373901367e-01 0.000000000000000000e+00 0.000000000000000000e+00 0.000000000000000000e+00 -8.091562986373901367e-01 0.000000000000000000e+00 0.000000000000000000e+00 0.000000000000000000e+00 -1.764452550560235977e-03
-7.748070359230041504e-01 0.000000000000000000e+00 0.000000000000000000e+00 0.000000000000000000e+00 -7.748070359230041504e-01 0.000000000000000000e+00 0.000000000000000000e+00 0.000000000000000000e+00 -1.926997676491737366e-03
-7.410110831260681152e-01 0.000000000000000000e+00 0.000000000000000000e+00 0.000000000000000000e+00 -7.410110831260681152e-01 0.000000000000000000e+00 0.000000000000000000e+00 0.000000000000000000e+00 -2.070257207378745079e-03
-7.077372074127197266e-01 0.000000000000000000e+00 0.000000000000000000e+00 0.000000000000000000e+00 -7.077372074127197266e-01 0.000000000000000000e+00 0.000000000000000000e+00 0.000000000000000000e+00 -2.210873179137706757e-03
-6.749547719955444336e-01 0.000000000000000000e+00 0.000000000000000000e+00 0.000000000000000000e+00 -6.749547719955444336e-01 0.000000000000000000e+00 0.000000000000000000e+00 0.000000000000000000e+00 -2.346821129322052002e-03
-6.426327824592590332e-01 0.000000000000000000e+00 0.000000000000000000e+00 0.000000000000000000e+00 -6.426327824592590332e-01 0.000000000000000000e+00 0.000000000000000000e+00 0.000000000000000000e+00 -2.453966066241264343e-03
-6.107488274574279785e-01 0.000000000000000000e+00 0.000000000000000000e+00 0.000000000000000000e+00 -6.107488274574279785e-01 0.000000000000000000e+00 0.000000000000000000e+00 0.000000000000000000e+00 -2.552061574533581734e-03
-5.792757868766784668e-01 0.000000000000000000e+00 0.000000000000000000e+00 0.000000000000000000e+00 -5.792757868766784668e-01 0.000000000000000000e+00 0.000000000000000000e+00 0.000000000000000000e+00 -2.618319122120738029e-03
-5.481909513473510742e-01 0.000000000000000000e+00 0.000000000000000000e+00 0.000000000000000000e+00 -5.481909513473510742e-01 0.000000000000000000e+00 0.000000000000000000e+00 0.000000000000000000e+00 -2.651499118655920029e-03
-5.174795389175415039e-01 0.000000000000000000e+00 0.000000000000000000e+00 0.000000000000000000e+00 -5.174795389175415039e-01 0.000000000000000000e+00 0.000000000000000000e+00 0.000000000000000000e+00 -2.674636198207736015e-03
-4.871183931827545166e-01 0.000000000000000000e+00 0.000000000000000000e+00 0.000000000000000000e+00 -4.871183931827545166e-01 0.000000000000000000e+00 0.000000000000000000e+00 0.000000000000000000e+00 -2.664880128577351570e-03
-4.570913314819335938e-01 0.000000000000000000e+00 0.000000000000000000e+00 0.000000000000000000e+00 -4.570913314819335938e-01 0.000000000000000000e+00 0.000000000000000000e+00 0.000000000000000000e+00 -2.624005312100052834e-03
-4.273886382579803467e-01 0.000000000000000000e+00 0.000000000000000000e+00 0.000000000000000000e+00 -4.273886382579803467e-01 0.000000000000000000e+00 0.000000000000000000e+00 0.000000000000000000e+00 -2.576369093731045723e-03
-3.979858458042144775e-01 0.000000000000000000e+00 0.000000000000000000e+00 0.000000000000000000e+00 -3.979858458042144775e-01 0.000000000000000000e+00 0.000000000000000000e+00 0.000000000000000000e+00 -2.477188594639301300e-03
-3.688822686672210693e-01 0.000000000000000000e+00 0.000000000000000000e+00 0.000000000000000000e+00 -3.688822686672210693e-01 0.000000000000000000e+00 0.000000000000000000e+00 0.000000000000000000e+00 -2.377246040850877762e-03
-3.400559127330780029e-01 0.000000000000000000e+00 0.000000000000000000e+00 0.000000000000000000e+00 -3.400559127330780029e-01 0.000000000000000000e+00 0.000000000000000000e+00 0.000000000000000000e+00 -2.231710590422153473e-03
-3.115027844905853271e-01 0.000000000000000000e+00 0.000000000000000000e+00 0.000000000000000000e+00 -3.115027844905853271e-01 0.000000000000000000e+00 0.000000000000000000e+00 0.000000000000000000e+00 -2.088316483423113823e-03
-2.832089960575103760e-01 0.000000000000000000e+00 0.000000000000000000e+00 0.000000000000000000e+00 -2.832089960575103760e-01 0.000000000000000000e+00 0.000000000000000000e+00 0.000000000000000000e+00 -1.907892525196075439e-03
-2.551679909229278564e-01 0.000000000000000000e+00 0.000000000000000000e+00 0.000000000000000000e+00 -2.551679909229278564e-01 0.000000000000000000e+00 0.000000000000000000e+00 0.000000000000000000e+00 -1.735356054268777370e-03
-2.273665368556976318e-01 0.000000000000000000e+00 0.000000000000000000e+00 0.000000000000000000e+00 -2.273665368556976318e-01 0.000000000000000000e+00 0.000000000000000000e+00 0.000000000000000000e+00 -1.531701884232461452e-03
-1.997975409030914307e-01 0.000000000000000000e+00 0.000000000000000000e+00 0.000000000000000000e+00 -1.997975409030914307e-01 0.000000000000000000e+00 0.000000000000000000e+00 0.000000000000000000e+00 -1.320303417742252350e-03
-1.724548637866973877e-01 0.000000000000000000e+00 0.000000000000000000e+00 0.000000000000000000e+00 -1.724548637866973877e-01 0.000000000000000000e+00 0.000000000000000000e+00 0.000000000000000000e+00 -1.107261283323168755e-03
-1.453250795602798462e-01 0.000000000000000000e+00 0.000000000000000000e+00 0.000000000000000000e+00 -1.453250795602798462e-01 0.000000000000000000e+00 0.000000000000000000e+00 0.000000000000000000e+00 -8.707954548299312592e-04
-1.184065490961074829e-01 0.000000000000000000e+00 0.000000000000000000e+00 0.000000000000000000e+00 -1.184065490961074829e-01 0.000000000000000000e+00 0.000000000000000000e+00 0.000000000000000000e+00 -6.399264093488454819e-04
-9.168782830238342285e-02 0.000000000000000000e+00 0.000000000000000000e+00 0.000000000000000000e+00 -9.168782830238342285e-02 0.000000000000000000e+00 0.000000000000000000e+00 0.000000000000000000e+00 -4.138833610340952873e-04
-6.515919417142868042e-02 0.000000000000000000e+00 0.000000000000000000e+00 0.000000000000000000e+00 -6.515919417142868042e-02 0.000000000000000000e+00 0.000000000000000000e+00 0.000000000000000000e+00 -1.736678532324731350e-04
-3.881461918354034424e-02 0.000000000000000000e+00 0.000000000000000000e+00 0.000000000000000000e+00 -3.881461918354034424e-02 0.000000000000000000e+00 0.000000000000000000e+00 0.000000000000000000e+00 7.574551273137331009e-05
-1.265263836830854416e-02 0.000000000000000000e+00 0.000000000000000000e+00 0.000000000000000000e+00 -1.265263836830854416e-02 0.000000000000000000e+00 0.000000000000000000e+00 0.000000000000000000e+00 2.874110068660229445e-04
1.334476750344038010e-02 0.000000000000000000e+00 0.000000000000000000e+00 0.000000000000000000e+00 1.334476750344038010e-02 0.000000000000000000e+00 0.000000000000000000e+00 0.000000000000000000e+00 5.246427026577293873e-04
3.917569667100906372e-02 0.000000000000000000e+00 0.000000000000000000e+00 0.000000000000000000e+00 3.917569667100906372e-02 0.000000000000000000e+00 0.000000000000000000e+00 0.000000000000000000e+00 7.458419422619044781e-04
6.485147029161453247e-02 0.000000000000000000e+00 0.000000000000000000e+00 0.000000000000000000e+00 6.485147029161453247e-02 0.000000000000000000e+00 0.000000000000000000e+00 0.000000000000000000e+00 9.592320420779287815e-04
9.038051962852478027e-02 0.000000000000000000e+00 0.000000000000000000e+00 0.000000000000000000e+00 9.038051962852478027e-02 0.000000000000000000e+00 0.000000000000000000e+00 0.000000000000000000e+00 1.168261049315333366e-03
1.157689094543457031e-01 0.000000000000000000e+00 0.000000000000000000e+00 0.000000000000000000e+00 1.157689094543457031e-01 0.000000000000000000e+00 0.000000000000000000e+00 0.000000000000000000e+00 1.365760806947946548e-03
1.410512775182723999e-01 0.000000000000000000e+00 0.000000000000000000e+00 0.000000000000000000e+00 1.410512775182723999e-01 0.000000000000000000e+00 0.000000000000000000e+00 0.000000000000000000e+00 1.562560093589127064e-03
1.661821603775024414e-01 0.000000000000000000e+00 0.000000000000000000e+00 0.000000000000000000e+00 1.661821603775024414e-01 0.000000000000000000e+00 0.000000000000000000e+00 0.000000000000000000e+00 1.743250759318470955e-03
1.911955922842025757e-01 0.000000000000000000e+00 0.000000000000000000e+00 0.000000000000000000e+00 1.911955922842025757e-01 0.000000000000000000e+00 0.000000000000000000e+00 0.000000000000000000e+00 1.913763117045164108e-03
2.160981744527816772e-01 0.000000000000000000e+00 0.000000000000000000e+00 0.000000000000000000e+00 2.160981744527816772e-01 0.000000000000000000e+00 0.000000000000000000e+00 0.000000000000000000e+00 2.075014635920524597e-03
2.408975958824157715e-01 0.000000000000000000e+00 0.000000000000000000e+00 0.000000000000000000e+00 2.408975958824157715e-01 0.000000000000000000e+00 0.000000000000000000e+00 0.000000000000000000e+00 2.223984338343143463e-03
2.656017541885375977e-01 0.000000000000000000e+00 0.000000000000000000e+00 0.000000000000000000e+00 2.656017541885375977e-01 0.000000000000000000e+00 0.000000000000000000e+00 0.000000000000000000e+00 2.365277381613850594e-03
2.902168929576873779e-01 0.000000000000000000e+00 0.000000000000000000e+00 0.000000000000000000e+00 2.902168929576873779e-01 0.000000000000000000e+00 0.000000000000000000e+00 0.000000000000000000e+00 2.496819244697690010e-03
3.147500753402709961e-01 0.000000000000000000e+00 0.000000000000000000e+00 0.000000000000000000e+00 3.147500753402709961e-01 0.000000000000000000e+00 0.000000000000000000e+00 0.000000000000000000e+00 2.616412239149212837e-03
3.392090499401092529e-01 0.000000000000000000e+00 0.000000000000000000e+00 0.000000000000000000e+00 3.392090499401092529e-01 0.000000000000000000e+00 0.000000000000000000e+00 0.000000000000000000e+00 2.728294814005494118e-03
3.636013269424438477e-01 0.000000000000000000e+00 0.000000000000000000e+00 0.000000000000000000e+00 3.636013269424438477e-01 0.000000000000000000e+00 0.000000000000000000e+00 0.000000000000000000e+00 2.832290483638644218e-03
3.879564404487609863e-01 0.000000000000000000e+00 0.000000000000000000e+00 0.000000000000000000e+00 3.879564404487609863e-01 0.000000000000000000e+00 0.000000000000000000e+00 0.000000000000000000e+00 2.930974122136831284e-03
4.122327566146850586e-01 0.000000000000000000e+00 0.000000000000000000e+00 0.000000000000000000e+00 4.122327566146850586e-01 0.000000000000000000e+00 0.000000000000000000e+00 0.000000000000000000e+00 3.012696513906121254e-03
4.364617764949798584e-01 0.000000000000000000e+00 0.000000000000000000e+00 0.000000000000000000e+00 4.364617764949798584e-01 0.000000000000000000e+00 0.000000000000000000e+00 0.000000000000000000e+00 3.086465410888195038e-03
4.606506228446960449e-01 0.000000000000000000e+00 0.000000000000000000e+00 0.000000000000000000e+00 4.606506228446960449e-01 0.000000000000000000e+00 0.000000000000000000e+00 0.000000000000000000e+00 3.151975339278578758e-03
4.848042726516723633e-01 0.000000000000000000e+00 0.000000000000000000e+00 0.000000000000000000e+00 4.848042726516723633e-01 0.000000000000000000e+00 0.000000000000000000e+00 0.000000000000000000e+00 3.205342683941125870e-03
5.089298486709594727e-01 0.000000000000000000e+00 0.000000000000000000e+00 0.000000000000000000e+00 5.089298486709594727e-01 0.000000000000000000e+00 0.000000000000000000e+00 0.000000000000000000e+00 3.250313457101583481e-03
5.330330133438110352e-01 0.000000000000000000e+00 0.000000000000000000e+00 0.000000000000000000e+00 5.330330133438110352e-01 0.000000000000000000e+00 0.000000000000000000e+00 0.000000000000000000e+00 3.284430596977472305e-03
5.571213960647583008e-01 0.000000000000000000e+00 0.000000000000000000e+00 0.000000000000000000e+00 5.571213960647583008e-01 0.000000000000000000e+00 0.000000000000000000e+00 0.000000000000000000e+00 3.311914624646306038e-03
5.811987519264221191e-01 0.000000000000000000e+00 0.000000000000000000e+00 0.000000000000000000e+00 5.811987519264221191e-01 0.000000000000000000e+00 0.000000000000000000e+00 0.000000000000000000e+00 3.325177123770117760e-03
6.052718162536621094e-01 0.000000000000000000e+00 0.000000000000000000e+00 0.000000000000000000e+00 6.052718162536621094e-01 0.000000000000000000e+00 0.000000000000000000e+00 0.000000000000000000e+00 3.327362705022096634e-03
6.293702125549316406e-01 0.000000000000000000e+00 0.000000000000000000e+00 0.000000000000000000e+00 6.293702125549316406e-01 0.000000000000000000e+00 0.000000000000000000e+00 0.000000000000000000e+00 3.325101919472217560e-03
6.534503102302551270e-01 0.000000000000000000e+00 0.000000000000000000e+00 0.000000000000000000e+00 6.534503102302551270e-01 0.000000000000000000e+00 0.000000000000000000e+00 0.000000000000000000e+00 3.302877536043524742e-03
6.775417923927307129e-01 0.000000000000000000e+00 0.000000000000000000e+00 0.000000000000000000e+00 6.775417923927307129e-01 0.000000000000000000e+00 0.000000000000000000e+00 0.000000000000000000e+00 3.266480052843689919e-03
7.016493678092956543e-01 0.000000000000000000e+00 0.000000000000000000e+00 0.000000000000000000e+00 7.016493678092956543e-01 0.000000000000000000e+00 0.000000000000000000e+00 0.000000000000000000e+00 3.213921096175909042e-03
7.257774472236633301e-01 0.000000000000000000e+00 0.000000000000000000e+00 0.000000000000000000e+00 7.257774472236633301e-01 0.000000000000000000e+00 0.000000000000000000e+00 0.000000000000000000e+00 3.142019966617226601e-03
7.499318718910217285e-01 0.000000000000000000e+00 0.000000000000000000e+00 0.000000000000000000e+00 7.499318718910217285e-01 0.000000000000000000e+00 0.000000000000000000e+00 0.000000000000000000e+00 3.053199499845504761e-03
7.741156816482543945e-01 0.000000000000000000e+00 0.000000000000000000e+00 0.000000000000000000e+00 7.741156816482543945e-01 0.000000000000000000e+00 0.000000000000000000e+00 0.000000000000000000e+00 2.943084808066487312e-03
7.983335852622985840e-01 0.000000000000000000e+00 0.000000000000000000e+00 0.000000000000000000e+00 7.983335852622985840e-01 0.000000000000000000e+00 0.000000000000000000e+00 0.000000000000000000e+00 2.810161327943205833e-03
8.225899934768676758e-01 0.000000000000000000e+00 0.000000000000000000e+00 0.000000000000000000e+00 8.225899934768676758e-01 0.000000000000000000e+00 0.000000000000000000e+00 0.000000000000000000e+00 2.652317052707076073e-03
8.468872904777526855e-01 0.000000000000000000e+00 0.000000000000000000e+00 0.000000000000000000e+00 8.468872904777526855e-01 0.000000000000000000e+00 0.000000000000000000e+00 0.000000000000000000e+00 2.467681188136339188e-03
8.712549209594726562e-01 0.000000000000000000e+00 0.000000000000000000e+00 0.000000000000000000e+00 8.712549209594726562e-01 0.000000000000000000e+00 0.000000000000000000e+00 0.000000000000000000e+00 2.259200438857078552e-03
8.956459760665893555e-01 0.000000000000000000e+00 0.000000000000000000e+00 0.000000000000000000e+00 8.956459760665893555e-01 0.000000000000000000e+00 0.000000000000000000e+00 0.000000000000000000e+00 2.009993419051170349e-03
9.200883507728576660e-01 0.000000000000000000e+00 0.000000000000000000e+00 0.000000000000000000e+00 9.200883507728576660e-01 0.000000000000000000e+00 0.000000000000000000e+00 0.000000000000000000e+00 1.724674599245190620e-03
9.445841908454895020e-01 0.000000000000000000e+00 0.000000000000000000e+00 0.000000000000000000e+00 9.445841908454895020e-01 0.000000000000000000e+00 0.000000000000000000e+00 0.000000000000000000e+00 1.399460132233798504e-03
9.691368937492370605e-01 0.000000000000000000e+00 0.000000000000000000e+00 0.000000000000000000e+00 9.691368937492370605e-01 0.000000000000000000e+00 0.000000000000000000e+00 0.000000000000000000e+00 1.030209707096219063e-03
9.937486648559570312e-01 0.000000000000000000e+00 0.000000000000000000e+00 0.000000000000000000e+00 9.937486648559570312e-01 0.000000000000000000e+00 0.000000000000000000e+00 0.000000000000000000e+00 6.160034681670367718e-04
1.018421769142150879e+00 0.000000000000000000e+00 0.000000000000000000e+00 0.000000000000000000e+00 1.018421769142150879e+00 0.000000000000000000e+00 0.000000000000000000e+00 0.000000000000000000e+00 1.509060966782271862e-04
1.043158054351806641e+00 0.000000000000000000e+00 0.000000000000000000e+00 0.000000000000000000e+00 1.043158054351806641e+00 0.000000000000000000e+00 0.000000000000000000e+00 0.000000000000000000e+00 -3.686250420287251472e-04
1.067957758903503418e+00 0.000000000000000000e+00 0.000000000000000000e+00 0.000000000000000000e+00 1.067957758903503418e+00 0.000000000000000000e+00 0.000000000000000000e+00 0.000000000000000000e+00 -9.468517964705824852e-04
1.092826366424560547e+00 0.000000000000000000e+00 0.000000000000000000e+00 0.000000000000000000e+00 1.092826366424560547e+00 0.000000000000000000e+00 0.000000000000000000e+00 0.000000000000000000e+00 -1.585055375471711159e-03
1.117786526679992676e+00 0.000000000000000000e+00 0.000000000000000000e+00 0.000000000000000000e+00 1.117786526679992676e+00 0.000000000000000000e+00 0.000000000000000000e+00 0.000000000000000000e+00 -2.285032533109188080e-03
1.142790555953979492e+00 0.000000000000000000e+00 0.000000000000000000e+00 0.000000000000000000e+00 1.142790555953979492e+00 0.000000000000000000e+00 0.000000000000000000e+00 0.000000000000000000e+00 -3.063369309529662132e-03
1.167865395545959473e+00 0.000000000000000000e+00 0.000000000000000000e+00 0.000000000000000000e+00 1.167865395545959473e+00 0.000000000000000000e+00 0.000000000000000000e+00 0.000000000000000000e+00 -3.914588131010532379e-03
1.193011164665222168e+00 0.000000000000000000e+00 0.000000000000000000e+00 0.000000000000000000e+00 1.193011164665222168e+00 0.000000000000000000e+00 0.000000000000000000e+00 0.000000000000000000e+00 -4.844025243073701859e-03
1.218228220939636230e+00 0.000000000000000000e+00 0.000000000000000000e+00 0.000000000000000000e+00 1.218228220939636230e+00 0.000000000000000000e+00 0.000000000000000000e+00 0.000000000000000000e+00 -5.859885830432176590e-03
