4.303455352783203125e-04 -5.005926489830017090e-01 0.000000000000000000e+00 -5.003774762153625488e-01 4.303455352783203125e-04 0.000000000000000000e+00 0.000000000000000000e+00 0.000000000000000000e+00 3.895318508148193359e-02
4.765987396240234375e-04 -4.903395771980285645e-01 0.000000000000000000e+00 -4.901061058044433594e-01 4.764795303344726562e-04 0.000000000000000000e+00 0.000000000000000000e+00 0.000000000000000000e+00 3.744316101074218750e-02
5.189180374145507812e-04 -4.800929129123687744e-01 0.000000000000000000e+00 -4.798439741134643555e-01 5.189180374145507812e-04 0.000000000000000000e+00 0.000000000000000000e+00 0.000000000000000000e+00 3.596198558807373047e-02
5.565881729125976562e-04 -4.698525071144104004e-01 0.000000000000000000e+00 -4.695910215377807617e-01 5.567073822021484375e-04 0.000000000000000000e+00 0.000000000000000000e+00 0.000000000000000000e+00 3.450918197631835938e-02
5.903244018554687500e-04 -4.596184790134429932e-01 0.000000000000000000e+00 -4.593471288681030273e-01 5.903244018554687500e-04 0.000000000000000000e+00 0.000000000000000000e+00 0.000000000000000000e+00 3.308498859405517578e-02
6.215572357177734375e-04 -4.493907690048217773e-01 0.000000000000000000e+00 -4.491114616394042969e-01 6.214380264282226562e-04 0.000000000000000000e+00 0.000000000000000000e+00 0.000000000000000000e+00 3.169095516204833984e-02
6.471872329711914062e-04 -4.391696453094482422e-01 0.000000000000000000e+00 -4.388852715492248535e-01 6.471872329711914062e-04 0.000000000000000000e+00 0.000000000000000000e+00 0.000000000000000000e+00 3.032422065734863281e-02
6.691217422485351562e-04 -4.289549887180328369e-01 0.000000000000000000e+00 -4.286677241325378418e-01 6.691217422485351562e-04 0.000000000000000000e+00 0.000000000000000000e+00 0.000000000000000000e+00 2.898621559143066406e-02
6.890296936035156250e-04 -4.187468290328979492e-01 0.000000000000000000e+00 -4.184578955173492432e-01 6.891489028930664062e-04 0.000000000000000000e+00 0.000000000000000000e+00 0.000000000000000000e+00 2.767884731292724609e-02
7.057189941406250000e-04 -4.085451960563659668e-01 0.000000000000000000e+00 -4.082565307617187500e-01 7.057189941406250000e-04 0.000000000000000000e+00 0.000000000000000000e+00 0.000000000000000000e+00 2.640056610107421875e-02
7.193088531494140625e-04 -3.983502388000488281e-01 0.000000000000000000e+00 -3.980632424354553223e-01 7.193088531494140625e-04 0.000000000000000000e+00 0.000000000000000000e+00 0.000000000000000000e+00 2.515172958374023438e-02
7.293224334716796875e-04 -3.881617784500122070e-01 0.000000000000000000e+00 -3.878781497478485107e-01 7.293224334716796875e-04 0.000000000000000000e+00 0.000000000000000000e+00 0.000000000000000000e+00 2.393162250518798828e-02
7.371902465820312500e-04 -3.779798746109008789e-01 0.000000000000000000e+00 -3.777005970478057861e-01 7.373094558715820312e-04 0.000000000000000000e+00 0.000000000000000000e+00 0.000000000000000000e+00 2.274203300476074219e-02
7.410049438476562500e-04 -3.678045868873596191e-01 0.000000000000000000e+00 -3.675314486026763916e-01 7.408857345581054688e-04 0.000000000000000000e+00 0.000000000000000000e+00 0.000000000000000000e+00 2.158010005950927734e-02
7.430315017700195312e-04 -3.576358556747436523e-01 0.000000000000000000e+00 -3.573694229125976562e-01 7.430315017700195312e-04 0.000000000000000000e+00 0.000000000000000000e+00 0.000000000000000000e+00 2.044904232025146484e-02
7.413625717163085938e-04 -3.474735319614410400e-01 0.000000000000000000e+00 -3.472152352333068848e-01 7.412433624267578125e-04 0.000000000000000000e+00 0.000000000000000000e+00 0.000000000000000000e+00 1.934635639190673828e-02
7.399320602416992188e-04 -3.373177945613861084e-01 0.000000000000000000e+00 -3.370674252510070801e-01 7.399320602416992188e-04 0.000000000000000000e+00 0.000000000000000000e+00 0.000000000000000000e+00 1.827609539031982422e-02
7.363557815551757812e-04 -3.271684646606445312e-01 0.000000000000000000e+00 -3.269266784191131592e-01 7.364749908447265625e-04 0.000000000000000000e+00 0.000000000000000000e+00 0.000000000000000000e+00 1.723575592041015625e-02
7.295608520507812500e-04 -3.170254826545715332e-01 0.000000000000000000e+00 -3.167933523654937744e-01 7.295608520507812500e-04 0.000000000000000000e+00 0.000000000000000000e+00 0.000000000000000000e+00 1.622414588928222656e-02
7.212162017822265625e-04 -3.068888187408447266e-01 0.000000000000000000e+00 -3.066665828227996826e-01 7.212162017822265625e-04 0.000000000000000000e+00 0.000000000000000000e+00 0.000000000000000000e+00 1.524305343627929688e-02
7.133483886718750000e-04 -2.967583835124969482e-01 0.000000000000000000e+00 -2.965458333492279053e-01 7.133483886718750000e-04 0.000000000000000000e+00 0.000000000000000000e+00 0.000000000000000000e+00 1.429426670074462891e-02
7.019042968750000000e-04 -2.866340279579162598e-01 0.000000000000000000e+00 -2.864319980144500732e-01 7.019042968750000000e-04 0.000000000000000000e+00 0.000000000000000000e+00 0.000000000000000000e+00 1.337385177612304688e-02
6.898045539855957031e-04 -2.765158116817474365e-01 0.000000000000000000e+00 -2.763242125511169434e-01 6.897449493408203125e-04 0.000000000000000000e+00 0.000000000000000000e+00 0.000000000000000000e+00 1.248466968536376953e-02
6.765127182006835938e-04 -2.664034962654113770e-01 0.000000000000000000e+00 -2.662224471569061279e-01 6.763935089111328125e-04 0.000000000000000000e+00 0.000000000000000000e+00 0.000000000000000000e+00 1.162600517272949219e-02
6.618499755859375000e-04 -2.562969624996185303e-01 0.000000000000000000e+00 -2.561264932155609131e-01 6.617307662963867188e-04 0.000000000000000000e+00 0.000000000000000000e+00 0.000000000000000000e+00 1.079761981964111328e-02
6.473064422607421875e-04 -2.461962103843688965e-01 0.000000000000000000e+00 -2.460360229015350342e-01 6.473064422607421875e-04 0.000000000000000000e+00 0.000000000000000000e+00 0.000000000000000000e+00 1.000118255615234375e-02
6.316900253295898438e-04 -2.361009567975997925e-01 0.000000000000000000e+00 -2.359510064125061035e-01 6.316900253295898438e-04 0.000000000000000000e+00 0.000000000000000000e+00 0.000000000000000000e+00 9.235501289367675781e-03
6.166696548461914062e-04 -2.260112166404724121e-01 0.000000000000000000e+00 -2.258710563182830811e-01 6.166696548461914062e-04 0.000000000000000000e+00 0.000000000000000000e+00 0.000000000000000000e+00 8.501768112182617188e-03
5.998611450195312500e-04 -2.159266471862792969e-01 0.000000000000000000e+00 -2.157963812351226807e-01 5.998611450195312500e-04 0.000000000000000000e+00 0.000000000000000000e+00 0.000000000000000000e+00 7.797956466674804688e-03
5.834102630615234375e-04 -2.058472633361816406e-01 0.000000000000000000e+00 -2.057264447212219238e-01 5.834102630615234375e-04 0.000000000000000000e+00 0.000000000000000000e+00 0.000000000000000000e+00 7.125973701477050781e-03
5.662441253662109375e-04 -1.957727074623107910e-01 0.000000000000000000e+00 -1.956611722707748413e-01 5.662441253662109375e-04 0.000000000000000000e+00 0.000000000000000000e+00 0.000000000000000000e+00 6.484746932983398438e-03
5.488395690917968750e-04 -1.857030391693115234e-01 0.000000000000000000e+00 -1.856004595756530762e-01 5.488395690917968750e-04 0.000000000000000000e+00 0.000000000000000000e+00 0.000000000000000000e+00 5.874752998352050781e-03
5.325078964233398438e-04 -1.756378412246704102e-01 0.000000000000000000e+00 -1.755436956882476807e-01 5.326271057128906250e-04 0.000000000000000000e+00 0.000000000000000000e+00 0.000000000000000000e+00 5.297303199768066406e-03
5.162954330444335938e-04 -1.655770689249038696e-01 0.000000000000000000e+00 -1.654910147190093994e-01 5.162954330444335938e-04 0.000000000000000000e+00 0.000000000000000000e+00 0.000000000000000000e+00 4.751086235046386719e-03
5.012750625610351562e-04 -1.555204093456268311e-01 0.000000000000000000e+00 -1.554419398307800293e-01 5.012750625610351562e-04 0.000000000000000000e+00 0.000000000000000000e+00 0.000000000000000000e+00 4.237771034240722656e-03
4.845857620239257812e-04 -1.454677432775497437e-01 0.000000000000000000e+00 -1.453967541456222534e-01 4.847049713134765625e-04 0.000000000000000000e+00 0.000000000000000000e+00 0.000000000000000000e+00 3.754019737243652344e-03
4.707574844360351562e-04 -1.354188024997711182e-01 0.000000000000000000e+00 -1.353545933961868286e-01 4.708766937255859375e-04 0.000000000000000000e+00 0.000000000000000000e+00 0.000000000000000000e+00 3.304243087768554688e-03
4.554986953735351562e-04 -1.253733336925506592e-01 0.000000000000000000e+00 -1.253158450126647949e-01 4.553794860839843750e-04 0.000000000000000000e+00 0.000000000000000000e+00 0.000000000000000000e+00 2.884387969970703125e-03
4.415512084960937500e-04 -1.153312027454376221e-01 0.000000000000000000e+00 -1.152799278497695923e-01 4.414319992065429688e-04 0.000000000000000000e+00 0.000000000000000000e+00 0.000000000000000000e+00 2.497076988220214844e-03
4.298686981201171875e-04 -1.052920818328857422e-01 0.000000000000000000e+00 -1.052464768290519714e-01 4.298686981201171875e-04 0.000000000000000000e+00 0.000000000000000000e+00 0.000000000000000000e+00 2.143263816833496094e-03
4.181861877441406250e-04 -9.525534510612487793e-02 0.000000000000000000e+00 -9.521521627902984619e-02 4.181861877441406250e-04 0.000000000000000000e+00 0.000000000000000000e+00 0.000000000000000000e+00 1.820564270019531250e-03
4.067420959472656250e-04 -8.522158116102218628e-02 0.000000000000000000e+00 -8.518664538860321045e-02 4.068613052368164062e-04 0.000000000000000000e+00 0.000000000000000000e+00 0.000000000000000000e+00 1.529335975646972656e-03
3.970861434936523438e-04 -7.519006729125976562e-02 0.000000000000000000e+00 -7.515998184680938721e-02 3.970861434936523438e-04 0.000000000000000000e+00 0.000000000000000000e+00 0.000000000000000000e+00 1.271009445190429688e-03
3.881454467773437500e-04 -6.516060233116149902e-02 0.000000000000000000e+00 -6.513512134552001953e-02 3.881454467773437500e-04 0.000000000000000000e+00 0.000000000000000000e+00 0.000000000000000000e+00 1.044511795043945312e-03
3.814697265625000000e-04 -5.513289570808410645e-02 0.000000000000000000e+00 -5.511169880628585815e-02 3.814697265625000000e-04 0.000000000000000000e+00 0.000000000000000000e+00 0.000000000000000000e+00 8.513927459716796875e-04
3.747940063476562500e-04 -4.510659724473953247e-02 0.000000000000000000e+00 -4.508955031633377075e-02 3.749132156372070312e-04 0.000000000000000000e+00 0.000000000000000000e+00 0.000000000000000000e+00 6.895065307617187500e-04
3.694295883178710938e-04 -3.508162498474121094e-02 0.000000000000000000e+00 -3.506856411695480347e-02 3.694295883178710938e-04 0.000000000000000000e+00 0.000000000000000000e+00 0.000000000000000000e+00 5.596876144409179688e-04
3.652572631835937500e-04 -2.505761943757534027e-02 0.000000000000000000e+00 -2.504839375615119934e-02 3.652572631835937500e-04 0.000000000000000000e+00 0.000000000000000000e+00 0.000000000000000000e+00 4.622936248779296875e-04
3.628730773925781250e-04 -1.503429561853408813e-02 0.000000000000000000e+00 -1.502879522740840912e-02 3.629922866821289062e-04 0.000000000000000000e+00 0.000000000000000000e+00 0.000000000000000000e+00 3.978013992309570312e-04
3.612041473388671875e-04 -5.011395551264286041e-03 0.000000000000000000e+00 -5.009571556001901627e-03 3.612041473388671875e-04 0.000000000000000000e+00 0.000000000000000000e+00 0.000000000000000000e+00 3.651380538940429688e-04
3.612041473388671875e-04 5.011395551264286041e-03 0.000000000000000000e+00 5.009571556001901627e-03 3.612041473388671875e-04 0.000000000000000000e+00 0.000000000000000000e+00 0.000000000000000000e+00 3.651380538940429688e-04
3.628730773925781250e-04 1.503429561853408813e-02 0.000000000000000000e+00 1.502879522740840912e-02 3.629922866821289062e-04 0.000000000000000000e+00 0.000000000000000000e+00 0.000000000000000000e+00 3.978013992309570312e-04
3.652572631835937500e-04 2.505761943757534027e-02 0.000000000000000000e+00 2.504839375615119934e-02 3.652572631835937500e-04 0.000000000000000000e+00 0.000000000000000000e+00 0.000000000000000000e+00 4.622936248779296875e-04
3.694295883178710938e-04 3.508162498474121094e-02 0.000000000000000000e+00 3.506856411695480347e-02 3.694295883178710938e-04 0.000000000000000000e+00 0.000000000000000000e+00 0.000000000000000000e+00 5.596876144409179688e-04
3.747940063476562500e-04 4.510659724473953247e-02 0.000000000000000000e+00 4.508955031633377075e-02 3.749132156372070312e-04 0.000000000000000000e+00 0.000000000000000000e+00 0.000000000000000000e+00 6.895065307617187500e-04
3.814697265625000000e-04 5.513289570808410645e-02 0.000000000000000000e+00 5.511169880628585815e-02 3.814697265625000000e-04 0.000000000000000000e+00 0.000000000000000000e+00 0.000000000000000000e+00 8.513927459716796875e-04
3.881454467773437500e-04 6.516060233116149902e-02 0.000000000000000000e+00 6.513512134552001953e-02 3.881454467773437500e-04 0.000000000000000000e+00 0.000000000000000000e+00 0.000000000000000000e+00 1.044511795043945312e-03
3.970861434936523438e-04 7.519006729125976562e-02 0.000000000000000000e+00 7.515998184680938721e-02 3.970861434936523438e-04 0.000000000000000000e+00 0.000000000000000000e+00 0.000000000000000000e+00 1.271009445190429688e-03
4.067420959472656250e-04 8.522158116102218628e-02 0.000000000000000000e+00 8.518664538860321045e-02 4.068613052368164062e-04 0.000000000000000000e+00 0.000000000000000000e+00 0.000000000000000000e+00 1.529335975646972656e-03
4.181861877441406250e-04 9.525534510612487793e-02 0.000000000000000000e+00 9.521521627902984619e-02 4.181861877441406250e-04 0.000000000000000000e+00 0.000000000000000000e+00 0.000000000000000000e+00 1.820564270019531250e-03
4.298686981201171875e-04 1.052920818328857422e-01 0.000000000000000000e+00 1.052464768290519714e-01 4.298686981201171875e-04 0.000000000000000000e+00 0.000000000000000000e+00 0.000000000000000000e+00 2.143263816833496094e-03
4.415512084960937500e-04 1.153312027454376221e-01 0.000000000000000000e+00 1.152799278497695923e-01 4.414319992065429688e-04 0.000000000000000000e+00 0.000000000000000000e+00 0.000000000000000000e+00 2.497076988220214844e-03
4.554986953735351562e-04 1.253733336925506592e-01 0.000000000000000000e+00 1.253158450126647949e-01 4.553794860839843750e-04 0.000000000000000000e+00 0.000000000000000000e+00 0.000000000000000000e+00 2.884387969970703125e-03
4.707574844360351562e-04 1.354188024997711182e-01 0.000000000000000000e+00 1.353545933961868286e-01 4.708766937255859375e-04 0.000000000000000000e+00 0.000000000000000000e+00 0.000000000000000000e+00 3.304243087768554688e-03
4.845857620239257812e-04 1.454677432775497437e-01 0.000000000000000000e+00 1.453967541456222534e-01 4.847049713134765625e-04 0.000000000000000000e+00 0.000000000000000000e+00 0.000000000000000000e+00 3.754019737243652344e-03
5.012750625610351562e-04 1.555204093456268311e-01 0.000000000000000000e+00 1.554419398307800293e-01 5.012750625610351562e-04 0.000000000000000000e+00 0.000000000000000000e+00 0.000000000000000000e+00 4.237771034240722656e-03
5.162954330444335938e-04 1.655770689249038696e-01 0.000000000000000000e+00 1.654910147190093994e-01 5.162954330444335938e-04 0.000000000000000000e+00 0.000000000000000000e+00 0.000000000000000000e+00 4.751086235046386719e-03
5.325078964233398438e-04 1.756378412246704102e-01 0.000000000000000000e+00 1.755436956882476807e-01 5.326271057128906250e-04 0.000000000000000000e+00 0.000000000000000000e+00 0.000000000000000000e+00 5.297303199768066406e-03
5.488395690917968750e-04 1.857030391693115234e-01 0.000000000000000000e+00 1.856004595756530762e-01 5.488395690917968750e-04 0.000000000000000000e+00 0.000000000000000000e+00 0.000000000000000000e+00 5.874752998352050781e-03
5.662441253662109375e-04 1.957727074623107910e-01 0.000000000000000000e+00 1.956611722707748413e-01 5.662441253662109375e-04 0.000000000000000000e+00 0.000000000000000000e+00 0.000000000000000000e+00 6.484746932983398438e-03
5.834102630615234375e-04 2.058472633361816406e-01 0.000000000000000000e+00 2.057264447212219238e-01 5.834102630615234375e-04 0.000000000000000000e+00 0.000000000000000000e+00 0.000000000000000000e+00 7.125973701477050781e-03
5.998611450195312500e-04 2.159266471862792969e-01 0.000000000000000000e+00 2.157963812351226807e-01 5.998611450195312500e-04 0.000000000000000000e+00 0.000000000000000000e+00 0.000000000000000000e+00 7.797956466674804688e-03
6.166696548461914062e-04 2.260112166404724121e-01 0.000000000000000000e+00 2.258710563182830811e-01 6.166696548461914062e-04 0.000000000000000000e+00 0.000000000000000000e+00 0.000000000000000000e+00 8.501768112182617188e-03
6.316900253295898438e-04 2.361009567975997925e-01 0.000000000000000000e+00 2.359510064125061035e-01 6.316900253295898438e-04 0.000000000000000000e+00 0.000000000000000000e+00 0.000000000000000000e+00 9.235501289367675781e-03
6.473064422607421875e-04 2.461962103843688965e-01 0.000000000000000000e+00 2.460360229015350342e-01 6.473064422607421875e-04 0.000000000000000000e+00 0.000000000000000000e+00 0.000000000000000000e+00 1.000118255615234375e-02
6.618499755859375000e-04 2.562969624996185303e-01 0.000000000000000000e+00 2.561264932155609131e-01 6.617307662963867188e-04 0.000000000000000000e+00 0.000000000000000000e+00 0.000000000000000000e+00 1.079761981964111328e-02
6.765127182006835938e-04 2.664034962654113770e-01 0.000000000000000000e+00 2.662224471569061279e-01 6.763935089111328125e-04 0.000000000000000000e+00 0.000000000000000000e+00 0.000000000000000000e+00 1.162600517272949219e-02
6.898045539855957031e-04 2.765158116817474365e-01 0.000000000000000000e+00 2.763242125511169434e-01 6.897449493408203125e-04 0.000000000000000000e+00 0.000000000000000000e+00 0.000000000000000000e+00 1.248466968536376953e-02
7.019042968750000000e-04 2.866340279579162598e-01 0.000000000000000000e+00 2.864319980144500732e-01 7.019042968750000000e-04 0.000000000000000000e+00 0.000000000000000000e+00 0.000000000000000000e+00 1.337385177612304688e-02
7.133483886718750000e-04 2.967583835124969482e-01 0.000000000000000000e+00 2.965458333492279053e-01 7.133483886718750000e-04 0.000000000000000000e+00 0.000000000000000000e+00 0.000000000000000000e+00 1.429426670074462891e-02
7.212162017822265625e-04 3.068888187408447266e-01 0.000000000000000000e+00 3.066665828227996826e-01 7.212162017822265625e-04 0.000000000000000000e+00 0.000000000000000000e+00 0.000000000000000000e+00 1.524305343627929688e-02
7.295608520507812500e-04 3.170254826545715332e-01 0.000000000000000000e+00 3.167933523654937744e-01 7.295608520507812500e-04 0.000000000000000000e+00 0.000000000000000000e+00 0.000000000000000000e+00 1.622414588928222656e-02
7.363557815551757812e-04 3.271684646606445312e-01 0.000000000000000000e+00 3.269266784191131592e-01 7.364749908447265625e-04 0.000000000000000000e+00 0.000000000000000000e+00 0.000000000000000000e+00 1.723575592041015625e-02
7.399320602416992188e-04 3.373177945613861084e-01 0.000000000000000000e+00 3.370674252510070801e-01 7.399320602416992188e-04 0.000000000000000000e+00 0.000000000000000000e+00 0.000000000000000000e+00 1.827609539031982422e-02
7.413625717163085938e-04 3.474735319614410400e-01 0.000000000000000000e+00 3.472152352333068848e-01 7.412433624267578125e-04 0.000000000000000000e+00 0.000000000000000000e+00 0.000000000000000000e+00 1.934635639190673828e-02
7.430315017700195312e-04 3.576358556747436523e-01 0.000000000000000000e+00 3.573694229125976562e-01 7.430315017700195312e-04 0.000000000000000000e+00 0.000000000000000000e+00 0.000000000000000000e+00 2.044904232025146484e-02
7.410049438476562500e-04 3.678045868873596191e-01 0.000000000000000000e+00 3.675314486026763916e-01 7.408857345581054688e-04 0.000000000000000000e+00 0.000000000000000000e+00 0.000000000000000000e+00 2.158010005950927734e-02
7.371902465820312500e-04 3.779798746109008789e-01 0.000000000000000000e+00 3.777005970478057861e-01 7.373094558715820312e-04 0.000000000000000000e+00 0.000000000000000000e+00 0.000000000000000000e+00 2.274203300476074219e-02
7.293224334716796875e-04 3.881617784500122070e-01 0.000000000000000000e+00 3.878781497478485107e-01 7.293224334716796875e-04 0.000000000000000000e+00 0.000000000000000000e+00 0.000000000000000000e+00 2.393162250518798828e-02
7.193088531494140625e-04 3.983502388000488281e-01 0.000000000000000000e+00 3.980632424354553223e-01 7.193088531494140625e-04 0.000000000000000000e+00 0.000000000000000000e+00 0.000000000000000000e+00 2.515172958374023438e-02
7.057189941406250000e-04 4.085451960563659668e-01 0.000000000000000000e+00 4.082565307617187500e-01 7.057189941406250000e-04 0.000000000000000000e+00 0.000000000000000000e+00 0.000000000000000000e+00 2.640056610107421875e-02
6.890296936035156250e-04 4.187468290328979492e-01 0.000000000000000000e+00 4.184578955173492432e-01 6.891489028930664062e-04 0.000000000000000000e+00 0.000000000000000000e+00 0.000000000000000000e+00 2.767884731292724609e-02
6.691217422485351562e-04 4.289549887180328369e-01 0.000000000000000000e+00 4.286677241325378418e-01 6.691217422485351562e-04 0.000000000000000000e+00 0.000000000000000000e+00 0.000000000000000000e+00 2.898621559143066406e-02
6.471872329711914062e-04 4.391696453094482422e-01 0.000000000000000000e+00 4.388852715492248535e-01 6.471872329711914062e-04 0.000000000000000000e+00 0.000000000000000000e+00 0.000000000000000000e+00 3.032422065734863281e-02
6.215572357177734375e-04 4.493907690048217773e-01 0.000000000000000000e+00 4.491114616394042969e-01 6.214380264282226562e-04 0.000000000000000000e+00 0.000000000000000000e+00 0.000000000000000000e+00 3.169095516204833984e-02
5.903244018554687500e-04 4.596184790134429932e-01 0.000000000000000000e+00 4.593471288681030273e-01 5.903244018554687500e-04 0.000000000000000000e+00 0.000000000000000000e+00 0.000000000000000000e+00 3.308498859405517578e-02
5.565881729125976562e-04 4.698525071144104004e-01 0.000000000000000000e+00 4.695910215377807617e-01 5.567073822021484375e-04 0.000000000000000000e+00 0.000000000000000000e+00 0.000000000000000000e+00 3.450918197631835938e-02
5.189180374145507812e-04 4.800929129123687744e-01 0.000000000000000000e+00 4.798439741134643555e-01 5.189180374145507812e-04 0.000000000000000000e+00 0.000000000000000000e+00 0.000000000000000000e+00 3.596198558807373047e-02
4.765987396240234375e-04 4.903395771980285645e-01 0.000000000000000000e+00 4.901061058044433594e-01 4.764795303344726562e-04 0.000000000000000000e+00 0.000000000000000000e+00 0.000000000000000000e+00 3.744316101074218750e-02
4.303455352783203125e-04 5.005926489830017090e-01 0.000000000000000000e+00 5.003774762153625488e-01 4.303455352783203125e-04 0.000000000000000000e+00 0.000000000000000000e+00 0.000000000000000000e+00 3.895318508148193359e-02
