-1.730981826782226562e+00 0.000000000000000000e+00 0.000000000000000000e+00 0.000000000000000000e+00 6.619544234126806259e-03 0.000000000000000000e+00 0.000000000000000000e+00 0.000000000000000000e+00 6.619544234126806259e-03
-1.672490239143371582e+00 0.000000000000000000e+00 0.000000000000000000e+00 0.000000000000000000e+00 5.978411994874477386e-03 0.000000000000000000e+00 0.000000000000000000e+00 0.000000000000000000e+00 5.978411994874477386e-03
-1.615886926651000977e+00 0.000000000000000000e+00 0.000000000000000000e+00 0.000000000000000000e+00 5.366952624171972275e-03 0.000000000000000000e+00 0.000000000000000000e+00 0.000000000000000000e+00 5.366952624171972275e-03
-1.561065196990966797e+00 0.000000000000000000e+00 0.000000000000000000e+00 0.000000000000000000e+00 4.759070929139852524e-03 0.000000000000000000e+00 0.000000000000000000e+00 0.000000000000000000e+00 4.759070929139852524e-03
-1.507906317710876465e+00 0.000000000000000000e+00 0.000000000000000000e+00 0.000000000000000000e+00 4.210381768643856049e-03 0.000000000000000000e+00 0.000000000000000000e+00 0.000000000000000000e+00 4.210381768643856049e-03
-1.456327319145202637e+00 0.000000000000000000e+00 0.000000000000000000e+00 0.000000000000000000e+00 3.668121062219142914e-03 0.000000000000000000e+00 0.000000000000000000e+00 0.000000000000000000e+00 3.668121062219142914e-03
-1.406236052513122559e+00 0.000000000000000000e+00 0.000000000000000000e+00 0.000000000000000000e+00 3.133759368211030960e-03 0.000000000000000000e+00 0.000000000000000000e+00 0.000000000000000000e+00 3.133759368211030960e-03
-1.357541203498840332e+00 0.000000000000000000e+00 0.000000000000000000e+00 0.000000000000000000e+00 2.660449827089905739e-03 0.000000000000000000e+00 0.000000000000000000e+00 0.000000000000000000e+00 2.660449827089905739e-03
-1.310179114341735840e+00 0.000000000000000000e+00 0.000000000000000000e+00 0.000000000000000000e+00 2.195194130763411522e-03 0.000000000000000000e+00 0.000000000000000000e+00 0.000000000000000000e+00 2.195194130763411522e-03
-1.264070510864257812e+00 0.000000000000000000e+00 0.000000000000000000e+00 0.000000000000000000e+00 1.766203553415834904e-03 0.000000000000000000e+00 0.000000000000000000e+00 0.000000000000000000e+00 1.766203553415834904e-03
-1.219152808189392090e+00 0.000000000000000000e+00 0.000000000000000000e+00 0.000000000000000000e+00 1.372144091874361038e-03 0.000000000000000000e+00 0.000000000000000000e+00 0.000000000000000000e+00 1.372144091874361038e-03
-1.175367951393127441e+00 0.000000000000000000e+00 0.000000000000000000e+00 0.000000000000000000e+00 9.881269652396440506e-04 0.000000000000000000e+00 0.000000000000000000e+00 0.000000000000000000e+00 9.881269652396440506e-04
-1.132657170295715332e+00 0.000000000000000000e+00 0.000000000000000000e+00 0.000000000000000000e+00 6.383225554600358009e-04 0.000000000000000000e+00 0.000000000000000000e+00 0.000000000000000000e+00 6.383225554600358009e-04
-1.090967416763305664e+00 0.000000000000000000e+00 0.000000000000000000e+00 0.000000000000000000e+00 3.231031587347388268e-04 0.000000000000000000e+00 0.000000000000000000e+00 0.000000000000000000e+00 3.231031587347388268e-04
-1.050249457359313965e+00 0.000000000000000000e+00 0.000000000000000000e+00 0.000000000000000000e+00 4.186631122138351202e-05 0.000000000000000000e+00 0.000000000000000000e+00 0.000000000000000000e+00 4.186631122138351202e-05
-1.010463595390319824e+00 0.000000000000000000e+00 0.000000000000000000e+00 0.000000000000000000e+00 -2.323876688024029136e-04 0.000000000000000000e+00 0.000000000000000000e+00 0.000000000000000000e+00 -2.323876688024029136e-04
-9.715585112571716309e-01 0.000000000000000000e+00 0.000000000000000000e+00 0.000000000000000000e+00 -4.496896290220320225e-04 0.000000000000000000e+00 0.000000000000000000e+00 0.000000000000000000e+00 -4.496896290220320225e-04
-9.335018396377563477e-01 0.000000000000000000e+00 0.000000000000000000e+00 0.000000000000000000e+00 -6.605868111364543438e-04 0.000000000000000000e+00 0.000000000000000000e+00 0.000000000000000000e+00 -6.605868111364543438e-04
-8.962508440017700195e-01 0.000000000000000000e+00 0.000000000000000000e+00 0.000000000000000000e+00 -8.406871929764747620e-04 0.000000000000000000e+00 0.000000000000000000e+00 0.000000000000000000e+00 -8.406871929764747620e-04
-8.597792387008666992e-01 0.000000000000000000e+00 0.000000000000000000e+00 0.000000000000000000e+00 -1.019070157781243324e-03 0.000000000000000000e+00 0.000000000000000000e+00 0.000000000000000000e+00 -1.019070157781243324e-03
-8.240413069725036621e-01 0.000000000000000000e+00 0.000000000000000000e+00 0.000000000000000000e+00 -1.142624532803893089e-03 0.000000000000000000e+00 0.000000000000000000e+00 0.000000000000000000e+00 -1.142624532803893089e-03
-7.890183329582214355e-01 0.000000000000000000e+00 0.000000000000000000e+00 0.000000000000000000e+00 -1.266819192096590996e-03 0.000000000000000000e+00 0.000000000000000000e+00 0.000000000000000000e+00 -1.266819192096590996e-03
-7.546756267547607422e-01 0.000000000000000000e+00 0.000000000000000000e+00 0.000000000000000000e+00 -1.365887699648737907e-03 0.000000000000000000e+00 0.000000000000000000e+00 0.000000000000000000e+00 -1.365887699648737907e-03
-7.209823727607727051e-01 0.000000000000000000e+00 0.000000000000000000e+00 0.000000000000000000e+00 -1.439247513189911842e-03 0.000000000000000000e+00 0.000000000000000000e+00 0.000000000000000000e+00 -1.439247513189911842e-03
-6.879172325134277344e-01 0.000000000000000000e+00 0.000000000000000000e+00 0.000000000000000000e+00 -1.490973634645342827e-03 0.000000000000000000e+00 0.000000000000000000e+00 0.000000000000000000e+00 -1.490973634645342827e-03
-6.554541587829589844e-01 0.000000000000000000e+00 0.000000000000000000e+00 0.000000000000000000e+00 -1.521692262031137943e-03 0.000000000000000000e+00 0.000000000000000000e+00 0.000000000000000000e+00 -1.521692262031137943e-03
-6.235692501068115234e-01 0.000000000000000000e+00 0.000000000000000000e+00 0.000000000000000000e+00 -1.531797694042325020e-03 0.000000000000000000e+00 0.000000000000000000e+00 0.000000000000000000e+00 -1.531797694042325020e-03
-5.922484993934631348e-01 0.000000000000000000e+00 0.000000000000000000e+00 0.000000000000000000e+00 -1.550787827000021935e-03 0.000000000000000000e+00 0.000000000000000000e+00 0.000000000000000000e+00 -1.550787827000021935e-03
-5.614561438560485840e-01 0.000000000000000000e+00 0.000000000000000000e+00 0.000000000000000000e+00 -1.524808118119835854e-03 0.000000000000000000e+00 0.000000000000000000e+00 0.000000000000000000e+00 -1.524808118119835854e-03
-5.311872959136962891e-01 0.000000000000000000e+00 0.000000000000000000e+00 0.000000000000000000e+00 -1.510080182924866676e-03 0.000000000000000000e+00 0.000000000000000000e+00 0.000000000000000000e+00 -1.510080182924866676e-03
-5.014095902442932129e-01 0.000000000000000000e+00 0.000000000000000000e+00 0.000000000000000000e+00 -1.454074983485043049e-03 0.000000000000000000e+00 0.000000000000000000e+00 0.000000000000000000e+00 -1.454074983485043049e-03
-4.721177220344543457e-01 0.000000000000000000e+00 0.000000000000000000e+00 0.000000000000000000e+00 -1.411112258210778236e-03 0.000000000000000000e+00 0.000000000000000000e+00 0.000000000000000000e+00 -1.411112258210778236e-03
-4.432878792285919189e-01 0.000000000000000000e+00 0.000000000000000000e+00 0.000000000000000000e+00 -1.355265267193317413e-03 0.000000000000000000e+00 0.000000000000000000e+00 0.000000000000000000e+00 -1.355265267193317413e-03
-4.149057865142822266e-01 0.000000000000000000e+00 0.000000000000000000e+00 0.000000000000000000e+00 -1.288990140892565250e-03 0.000000000000000000e+00 0.000000000000000000e+00 0.000000000000000000e+00 -1.288990140892565250e-03
-3.869571089744567871e-01 0.000000000000000000e+00 0.000000000000000000e+00 0.000000000000000000e+00 -1.214628340676426888e-03 0.000000000000000000e+00 0.000000000000000000e+00 0.000000000000000000e+00 -1.214628340676426888e-03
-3.594238758087158203e-01 0.000000000000000000e+00 0.000000000000000000e+00 0.000000000000000000e+00 -1.131186028942465782e-03 0.000000000000000000e+00 0.000000000000000000e+00 0.000000000000000000e+00 -1.131186028942465782e-03
-3.322932422161102295e-01 0.000000000000000000e+00 0.000000000000000000e+00 0.000000000000000000e+00 -1.039699302054941654e-03 0.000000000000000000e+00 0.000000000000000000e+00 0.000000000000000000e+00 -1.039699302054941654e-03
-3.055553138256072998e-01 0.000000000000000000e+00 0.000000000000000000e+00 0.000000000000000000e+00 -9.446641197428107262e-04 0.000000000000000000e+00 0.000000000000000000e+00 0.000000000000000000e+00 -9.446641197428107262e-04
-2.791919112205505371e-01 0.000000000000000000e+00 0.000000000000000000e+00 0.000000000000000000e+00 -8.428305736742913723e-04 0.000000000000000000e+00 0.000000000000000000e+00 0.000000000000000000e+00 -8.428305736742913723e-04
-2.531960606575012207e-01 0.000000000000000000e+00 0.000000000000000000e+00 0.000000000000000000e+00 -7.391765248030424118e-04 0.000000000000000000e+00 0.000000000000000000e+00 0.000000000000000000e+00 -7.391765248030424118e-04
-2.275512814521789551e-01 0.000000000000000000e+00 0.000000000000000000e+00 0.000000000000000000e+00 -6.309333839453756809e-04 0.000000000000000000e+00 0.000000000000000000e+00 0.000000000000000000e+00 -6.309333839453756809e-04
-2.022506147623062134e-01 0.000000000000000000e+00 0.000000000000000000e+00 0.000000000000000000e+00 -5.227256333455443382e-04 0.000000000000000000e+00 0.000000000000000000e+00 0.000000000000000000e+00 -5.227256333455443382e-04
-1.772814989089965820e-01 0.000000000000000000e+00 0.000000000000000000e+00 0.000000000000000000e+00 -4.131000896450132132e-04 0.000000000000000000e+00 0.000000000000000000e+00 0.000000000000000000e+00 -4.131000896450132132e-04
-1.526286602020263672e-01 0.000000000000000000e+00 0.000000000000000000e+00 0.000000000000000000e+00 -2.785510732792317867e-04 0.000000000000000000e+00 0.000000000000000000e+00 0.000000000000000000e+00 -2.785510732792317867e-04
-1.282937377691268921e-01 0.000000000000000000e+00 0.000000000000000000e+00 0.000000000000000000e+00 -1.709166681393980980e-04 0.000000000000000000e+00 0.000000000000000000e+00 0.000000000000000000e+00 -1.709166681393980980e-04
-1.042619422078132629e-01 0.000000000000000000e+00 0.000000000000000000e+00 0.000000000000000000e+00 -6.609821866732090712e-05 0.000000000000000000e+00 0.000000000000000000e+00 0.000000000000000000e+00 -6.609821866732090712e-05
-8.052440732717514038e-02 0.000000000000000000e+00 0.000000000000000000e+00 0.000000000000000000e+00 3.556295996531844139e-05 0.000000000000000000e+00 0.000000000000000000e+00 0.000000000000000000e+00 3.556295996531844139e-05
-5.706706643104553223e-02 0.000000000000000000e+00 0.000000000000000000e+00 0.000000000000000000e+00 1.584005367476493120e-04 0.000000000000000000e+00 0.000000000000000000e+00 0.000000000000000000e+00 1.584005367476493120e-04
-3.389132767915725708e-02 0.000000000000000000e+00 0.000000000000000000e+00 0.000000000000000000e+00 2.524792507756501436e-04 0.000000000000000000e+00 0.000000000000000000e+00 0.000000000000000000e+00 2.524792507756501436e-04
-1.098072528839111328e-02 0.000000000000000000e+00 0.000000000000000000e+00 0.000000000000000000e+00 3.651378501672297716e-04 0.000000000000000000e+00 0.000000000000000000e+00 0.000000000000000000e+00 3.651378501672297716e-04
1.166391372680664062e-02 0.000000000000000000e+00 0.000000000000000000e+00 0.000000000000000000e+00 4.596712533384561539e-04 0.000000000000000000e+00 0.000000000000000000e+00 0.000000000000000000e+00 4.596712533384561539e-04
3.405440598726272583e-02 0.000000000000000000e+00 0.000000000000000000e+00 0.000000000000000000e+00 5.556402029469609261e-04 0.000000000000000000e+00 0.000000000000000000e+00 0.000000000000000000e+00 5.556402029469609261e-04
5.619850382208824158e-02 0.000000000000000000e+00 0.000000000000000000e+00 0.000000000000000000e+00 6.474514375440776348e-04 0.000000000000000000e+00 0.000000000000000000e+00 0.000000000000000000e+00 6.474514375440776348e-04
7.809979468584060669e-02 0.000000000000000000e+00 0.000000000000000000e+00 0.000000000000000000e+00 7.330870721489191055e-04 0.000000000000000000e+00 0.000000000000000000e+00 0.000000000000000000e+00 7.330870721489191055e-04
9.976829588413238525e-02 0.000000000000000000e+00 0.000000000000000000e+00 0.000000000000000000e+00 8.139853016473352909e-04 0.000000000000000000e+00 0.000000000000000000e+00 0.000000000000000000e+00 8.139853016473352909e-04
1.212297677993774414e-01 0.000000000000000000e+00 0.000000000000000000e+00 0.000000000000000000e+00 8.926569717004895210e-04 0.000000000000000000e+00 0.000000000000000000e+00 0.000000000000000000e+00 8.926569717004895210e-04
1.424461901187896729e-01 0.000000000000000000e+00 0.000000000000000000e+00 0.000000000000000000e+00 9.593328577466309071e-04 0.000000000000000000e+00 0.000000000000000000e+00 0.000000000000000000e+00 9.593328577466309071e-04
1.634472310543060303e-01 0.000000000000000000e+00 0.000000000000000000e+00 0.000000000000000000e+00 1.023317337967455387e-03 0.000000000000000000e+00 0.000000000000000000e+00 0.000000000000000000e+00 1.023317337967455387e-03
1.842360198497772217e-01 0.000000000000000000e+00 0.000000000000000000e+00 0.000000000000000000e+00 1.077343476936221123e-03 0.000000000000000000e+00 0.000000000000000000e+00 0.000000000000000000e+00 1.077343476936221123e-03
2.048190981149673462e-01 0.000000000000000000e+00 0.000000000000000000e+00 0.000000000000000000e+00 1.126423012465238571e-03 0.000000000000000000e+00 0.000000000000000000e+00 0.000000000000000000e+00 1.126423012465238571e-03
2.252012342214584351e-01 0.000000000000000000e+00 0.000000000000000000e+00 0.000000000000000000e+00 1.168294809758663177e-03 0.000000000000000000e+00 0.000000000000000000e+00 0.000000000000000000e+00 1.168294809758663177e-03
2.453872114419937134e-01 0.000000000000000000e+00 0.000000000000000000e+00 0.000000000000000000e+00 1.201531966216862202e-03 0.000000000000000000e+00 0.000000000000000000e+00 0.000000000000000000e+00 1.201531966216862202e-03
2.653823792934417725e-01 0.000000000000000000e+00 0.000000000000000000e+00 0.000000000000000000e+00 1.229117857292294502e-03 0.000000000000000000e+00 0.000000000000000000e+00 0.000000000000000000e+00 1.229117857292294502e-03
2.851897478103637695e-01 0.000000000000000000e+00 0.000000000000000000e+00 0.000000000000000000e+00 1.246763393282890320e-03 0.000000000000000000e+00 0.000000000000000000e+00 0.000000000000000000e+00 1.246763393282890320e-03
3.048147559165954590e-01 0.000000000000000000e+00 0.000000000000000000e+00 0.000000000000000000e+00 1.257093739695847034e-03 0.000000000000000000e+00 0.000000000000000000e+00 0.000000000000000000e+00 1.257093739695847034e-03
3.242817223072052002e-01 0.000000000000000000e+00 0.000000000000000000e+00 0.000000000000000000e+00 1.263926737010478973e-03 0.000000000000000000e+00 0.000000000000000000e+00 0.000000000000000000e+00 1.263926737010478973e-03
3.435531556606292725e-01 0.000000000000000000e+00 0.000000000000000000e+00 0.000000000000000000e+00 1.255817012861371040e-03 0.000000000000000000e+00 0.000000000000000000e+00 0.000000000000000000e+00 1.255817012861371040e-03
3.626547753810882568e-01 0.000000000000000000e+00 0.000000000000000000e+00 0.000000000000000000e+00 1.242066267877817154e-03 0.000000000000000000e+00 0.000000000000000000e+00 0.000000000000000000e+00 1.242066267877817154e-03
3.815886974334716797e-01 0.000000000000000000e+00 0.000000000000000000e+00 0.000000000000000000e+00 1.216714037582278252e-03 0.000000000000000000e+00 0.000000000000000000e+00 0.000000000000000000e+00 1.216714037582278252e-03
4.003604650497436523e-01 0.000000000000000000e+00 0.000000000000000000e+00 0.000000000000000000e+00 1.185364439152181149e-03 0.000000000000000000e+00 0.000000000000000000e+00 0.000000000000000000e+00 1.185364439152181149e-03
4.189714491367340088e-01 0.000000000000000000e+00 0.000000000000000000e+00 0.000000000000000000e+00 1.143487519584596157e-03 0.000000000000000000e+00 0.000000000000000000e+00 0.000000000000000000e+00 1.143487519584596157e-03
4.374266564846038818e-01 0.000000000000000000e+00 0.000000000000000000e+00 0.000000000000000000e+00 1.094421953894197941e-03 0.000000000000000000e+00 0.000000000000000000e+00 0.000000000000000000e+00 1.094421953894197941e-03
4.557288289070129395e-01 0.000000000000000000e+00 0.000000000000000000e+00 0.000000000000000000e+00 1.035425346344709396e-03 0.000000000000000000e+00 0.000000000000000000e+00 0.000000000000000000e+00 1.035425346344709396e-03
4.738800823688507080e-01 0.000000000000000000e+00 0.000000000000000000e+00 0.000000000000000000e+00 9.651858126744627953e-04 0.000000000000000000e+00 0.000000000000000000e+00 0.000000000000000000e+00 9.651858126744627953e-04
4.918852746486663818e-01 0.000000000000000000e+00 0.000000000000000000e+00 0.000000000000000000e+00 8.893069461919367313e-04 0.000000000000000000e+00 0.000000000000000000e+00 0.000000000000000000e+00 8.893069461919367313e-04
5.097647309303283691e-01 0.000000000000000000e+00 0.000000000000000000e+00 0.000000000000000000e+00 8.060015970841050148e-04 0.000000000000000000e+00 0.000000000000000000e+00 0.000000000000000000e+00 8.060015970841050148e-04
5.274843573570251465e-01 0.000000000000000000e+00 0.000000000000000000e+00 0.000000000000000000e+00 7.101382361724972725e-04 0.000000000000000000e+00 0.000000000000000000e+00 0.000000000000000000e+00 7.101382361724972725e-04
5.450651049613952637e-01 0.000000000000000000e+00 0.000000000000000000e+00 0.000000000000000000e+00 6.045796326361596584e-04 0.000000000000000000e+00 0.000000000000000000e+00 0.000000000000000000e+00 6.045796326361596584e-04
5.625098943710327148e-01 0.000000000000000000e+00 0.000000000000000000e+00 0.000000000000000000e+00 4.892051219940185547e-04 0.000000000000000000e+00 0.000000000000000000e+00 0.000000000000000000e+00 4.892051219940185547e-04
5.798223018646240234e-01 0.000000000000000000e+00 0.000000000000000000e+00 0.000000000000000000e+00 3.663987736217677593e-04 0.000000000000000000e+00 0.000000000000000000e+00 0.000000000000000000e+00 3.663987736217677593e-04
5.970031619071960449e-01 0.000000000000000000e+00 0.000000000000000000e+00 0.000000000000000000e+00 2.311504940735176206e-04 0.000000000000000000e+00 0.000000000000000000e+00 0.000000000000000000e+00 2.311504940735176206e-04
6.140570640563964844e-01 0.000000000000000000e+00 0.000000000000000000e+00 0.000000000000000000e+00 9.121013863477855921e-05 0.000000000000000000e+00 0.000000000000000000e+00 0.000000000000000000e+00 9.121013863477855921e-05
6.309838891029357910e-01 0.000000000000000000e+00 0.000000000000000000e+00 0.000000000000000000e+00 -6.260557711357250810e-05 0.000000000000000000e+00 0.000000000000000000e+00 0.000000000000000000e+00 -6.260557711357250810e-05
6.477884054183959961e-01 0.000000000000000000e+00 0.000000000000000000e+00 0.000000000000000000e+00 -2.218318841187283397e-04 0.000000000000000000e+00 0.000000000000000000e+00 0.000000000000000000e+00 -2.218318841187283397e-04
6.644708514213562012e-01 0.000000000000000000e+00 0.000000000000000000e+00 0.000000000000000000e+00 -3.924327320419251919e-04 0.000000000000000000e+00 0.000000000000000000e+00 0.000000000000000000e+00 -3.924327320419251919e-04
6.810517907142639160e-01 0.000000000000000000e+00 0.000000000000000000e+00 0.000000000000000000e+00 -5.677293520420789719e-04 0.000000000000000000e+00 0.000000000000000000e+00 0.000000000000000000e+00 -5.677293520420789719e-04
6.974988579750061035e-01 0.000000000000000000e+00 0.000000000000000000e+00 0.000000000000000000e+00 -7.558376528322696686e-04 0.000000000000000000e+00 0.000000000000000000e+00 0.000000000000000000e+00 -7.558376528322696686e-04
7.138300538063049316e-01 0.000000000000000000e+00 0.000000000000000000e+00 0.000000000000000000e+00 -9.540138416923582554e-04 0.000000000000000000e+00 0.000000000000000000e+00 0.000000000000000000e+00 -9.540138416923582554e-04
7.300498485565185547e-01 0.000000000000000000e+00 0.000000000000000000e+00 0.000000000000000000e+00 -1.157967722974717617e-03 0.000000000000000000e+00 0.000000000000000000e+00 0.000000000000000000e+00 -1.157967722974717617e-03
7.461574077606201172e-01 0.000000000000000000e+00 0.000000000000000000e+00 0.000000000000000000e+00 -1.375093823298811913e-03 0.000000000000000000e+00 0.000000000000000000e+00 0.000000000000000000e+00 -1.375093823298811913e-03
7.621564269065856934e-01 0.000000000000000000e+00 0.000000000000000000e+00 0.000000000000000000e+00 -1.599432318471372128e-03 0.000000000000000000e+00 0.000000000000000000e+00 0.000000000000000000e+00 -1.599432318471372128e-03
7.780495285987854004e-01 0.000000000000000000e+00 0.000000000000000000e+00 0.000000000000000000e+00 -1.830507651902735233e-03 0.000000000000000000e+00 0.000000000000000000e+00 0.000000000000000000e+00 -1.830507651902735233e-03
7.938363552093505859e-01 0.000000000000000000e+00 0.000000000000000000e+00 0.000000000000000000e+00 -2.072853734716773033e-03 0.000000000000000000e+00 0.000000000000000000e+00 0.000000000000000000e+00 -2.072853734716773033e-03
8.095191121101379395e-01 0.000000000000000000e+00 0.000000000000000000e+00 0.000000000000000000e+00 -2.325757639482617378e-03 0.000000000000000000e+00 0.000000000000000000e+00 0.000000000000000000e+00 -2.325757639482617378e-03
8.251012563705444336e-01 0.000000000000000000e+00 0.000000000000000000e+00 0.000000000000000000e+00 -2.583615481853485107e-03 0.000000000000000000e+00 0.000000000000000000e+00 0.000000000000000000e+00 -2.583615481853485107e-03
8.405995965003967285e-01 0.000000000000000000e+00 0.000000000000000000e+00 0.000000000000000000e+00 -2.848930889740586281e-03 0.000000000000000000e+00 0.000000000000000000e+00 0.000000000000000000e+00 -2.848930889740586281e-03
8.559827208518981934e-01 0.000000000000000000e+00 0.000000000000000000e+00 0.000000000000000000e+00 -3.127317642793059349e-03 0.000000000000000000e+00 0.000000000000000000e+00 0.000000000000000000e+00 -3.127317642793059349e-03
8.712702393531799316e-01 0.000000000000000000e+00 0.000000000000000000e+00 0.000000000000000000e+00 -3.411023179069161415e-03 0.000000000000000000e+00 0.000000000000000000e+00 0.000000000000000000e+00 -3.411023179069161415e-03
8.864617347717285156e-01 0.000000000000000000e+00 0.000000000000000000e+00 0.000000000000000000e+00 -3.707085968926548958e-03 0.000000000000000000e+00 0.000000000000000000e+00 0.000000000000000000e+00 -3.707085968926548958e-03
9.015600681304931641e-01 0.000000000000000000e+00 0.000000000000000000e+00 0.000000000000000000e+00 -4.009783267974853516e-03 0.000000000000000000e+00 0.000000000000000000e+00 0.000000000000000000e+00 -4.009783267974853516e-03
