4.303265304770320654e-04 1.160968386102467775e-04 4.094245960004627705e-04 2.278480768203735352e+00
1.938495971262454987e-02 1.230737107107415795e-04 1.438680628780275583e-04 3.699138879776000977e+00
2.979941782541573048e-04 7.204932626336812973e-05 3.850538050755858421e-04 1.485719323158264160e+00
2.903305285144597292e-04 7.240944250952452421e-05 3.835101961158216000e-04 1.494793057441711426e+00
2.601926098577678204e-04 7.088927668519318104e-05 3.450742224231362343e-04 1.482132673263549805e+00
2.959546982310712337e-04 7.208924216683954000e-05 3.830846981145441532e-04 1.486602902412414551e+00
2.410105080343782902e-04 7.033467409200966358e-05 3.298199153505265713e-04 1.482958436012268066e+00
1.015303278109058738e-04 5.677854642271995544e-05 1.174880890175700188e-04 1.368951559066772461e+00
2.542570000514388084e-04 7.102171366568654776e-05 3.428703639656305313e-04 1.486963629722595215e+00
1.491032016929239035e-04 3.146919906139373779e-01 2.624897360801696777e-01 2.786902338266372681e-02
2.870762255042791367e-04 7.264876330737024546e-05 3.827387990895658731e-04 1.499446749687194824e+00
9.043220779858529568e-05 4.707637708634138107e-05 8.567633631173521280e-05 1.326500892639160156e+00
1.245526364073157310e-03 6.386535824276506901e-05 4.973573959432542324e-04 1.425382018089294434e+00
2.854240592569112778e-04 6.937816215213388205e-05 3.562612400855869055e-04 1.451689839363098145e+00
2.576049591880291700e-04 7.141544483602046967e-05 3.494824632070958614e-04 1.491807460784912109e+00
3.583363723009824753e-04 6.765616126358509064e-05 2.654631389304995537e-04 1.247908830642700195e+00
3.095362044405192137e-04 7.143705443013459444e-05 4.036411119159311056e-04 1.484614849090576172e+00
1.930917859077453613e+00 3.334542512893676758e-01 1.550077199935913086e-01 2.269332170486450195e+00
2.999415737576782703e-04 7.112347520887851715e-05 3.841140423901379108e-04 1.474713563919067383e+00
2.295251906616613269e-04 6.930314702913165092e-05 3.161684435326606035e-04 1.473312377929687500e+00
8.502085111103951931e-04 6.655435264110565186e-02 7.307856576517224312e-04 8.766279220581054688e+00
5.785658140666782856e-05 4.283875750843435526e-05 5.321715434547513723e-05 1.239861130714416504e+00
3.067881334573030472e-04 7.126326090656220913e-05 3.979190660174936056e-04 1.480869889259338379e+00
2.915948862209916115e-04 7.329226355068385601e-05 3.931120154447853565e-04 1.508579611778259277e+00
3.062703181058168411e-04 6.909570947755128145e-05 3.945434000343084335e-04 1.464536786079406738e+00
8.693664858583360910e-05 4.381788312457501888e-05 8.259122841991484165e-05 1.323111653327941895e+00
2.898829407058656216e-04 6.803835276514291763e-05 3.637486952356994152e-04 1.443693161010742188e+00
2.874311176128685474e-04 6.557203596457839012e-05 3.533592389430850744e-04 1.422757506370544434e+00
2.995912218466401100e-04 7.233515498228371143e-05 3.892344248015433550e-04 1.489850044250488281e+00
2.784303505904972553e-04 7.122653187252581120e-05 3.597575996536761522e-04 1.478975534439086914e+00
2.392693131696432829e-04 7.019560143817216158e-05 3.279935917817056179e-04 1.481782436370849609e+00
9.141162037849426270e-02 6.517556903418153524e-05 2.381098419427871704e-01 1.949052572250366211e+00
