7.720580697059631348e-01
7.366206645965576172e-01
7.022829651832580566e-01
6.690259575843811035e-01
6.368294954299926758e-01
6.056721210479736328e-01
5.755316019058227539e-01
5.463854074478149414e-01
5.182114839553833008e-01
4.909855723381042480e-01
4.646865725517272949e-01
4.392915368080139160e-01
4.147788584232330322e-01
3.911282420158386230e-01
3.683194220066070557e-01
3.463327586650848389e-01
3.251500427722930908e-01
3.047536611557006836e-01
2.851274609565734863e-01
2.662555873394012451e-01
2.481231689453125000e-01
2.307164669036865234e-01
2.140222787857055664e-01
1.980285942554473877e-01
1.827232539653778076e-01
1.680962592363357544e-01
1.541364192962646484e-01
1.408347338438034058e-01
1.281816661357879639e-01
1.161688417196273804e-01
1.047879830002784729e-01
9.403152018785476685e-02
8.389189839363098145e-02
7.436243444681167603e-02
6.543596833944320679e-02
5.710632354021072388e-02
4.936756193637847900e-02
4.221353307366371155e-02
3.563856333494186401e-02
2.963735163211822510e-02
2.420471794903278351e-02
1.933573745191097260e-02
1.502536516636610031e-02
1.126916334033012390e-02
8.062338456511497498e-03
5.400937516242265701e-03
3.280773526057600975e-03
1.697305589914321899e-03
6.479029543697834015e-04
1.275539398193359375e-04
1.336336135864257812e-04
6.625656969845294952e-04
1.710894983261823654e-03
3.276241244748234749e-03
5.354556720703840256e-03
7.947158999741077423e-03
1.104571204632520676e-02
1.464974787086248398e-02
1.875796541571617126e-02
2.336763218045234680e-02
2.847673371434211731e-02
3.408361226320266724e-02
4.018649458885192871e-02
4.678360372781753540e-02
5.387423560023307800e-02
6.146388873457908630e-02
6.953743845224380493e-02
7.810061424970626831e-02
8.715236932039260864e-02
9.669210761785507202e-02
1.067196130752563477e-01
1.172339469194412231e-01
1.282349973917007446e-01
1.397224217653274536e-01
1.516963541507720947e-01
1.641686111688613892e-01
1.771160811185836792e-01
1.905494928359985352e-01
2.044697105884552002e-01
2.188773453235626221e-01
2.337732166051864624e-01
2.491577267646789551e-01
2.650310993194580078e-01
2.813942134380340576e-01
2.982488274574279785e-01
3.156128823757171631e-01
3.334522545337677002e-01
3.517858088016510010e-01
3.706146478652954102e-01
3.899397850036621094e-01
4.097621440887451172e-01
4.300836026668548584e-01
4.509059786796569824e-01
4.722301065921783447e-01
4.940571784973144531e-01
5.164119005203247070e-01
5.392509698867797852e-01
5.625976920127868652e-01
5.864546895027160645e-01
6.108232140541076660e-01
