1.246973276138305664e-01
1.196923255920410156e-01
1.147911548614501953e-01
1.099936962127685547e-01
1.052993535995483398e-01
1.007082462310791016e-01
9.622073173522949219e-02
9.183597564697265625e-02
8.755493164062500000e-02
8.337676525115966797e-02
7.930159568786621094e-02
7.532930374145507812e-02
7.145977020263671875e-02
6.769311428070068359e-02
6.402933597564697266e-02
6.046819686889648438e-02
5.700969696044921875e-02
5.365371704101562500e-02
5.040013790130615234e-02
4.724907875061035156e-02
4.420042037963867188e-02
4.125404357910156250e-02
3.840970993041992188e-02
3.566765785217285156e-02
3.302800655364990234e-02
3.049015998840332031e-02
2.805423736572265625e-02
2.572035789489746094e-02
2.348828315734863281e-02
2.135813236236572266e-02
1.932954788208007812e-02
1.740336418151855469e-02
1.557838916778564453e-02
1.385498046875000000e-02
1.223301887512207031e-02
1.071310043334960938e-02
9.294509887695312500e-03
7.977247238159179688e-03
6.761670112609863281e-03
5.647420883178710938e-03
4.634499549865722656e-03
3.722906112670898438e-03
2.912878990173339844e-03
2.203941345214843750e-03
1.596689224243164062e-03
1.090168952941894531e-03
6.853342056274414062e-04
3.813505172729492188e-04
1.789331436157226562e-04
7.760524749755859375e-05
7.760524749755859375e-05
1.789331436157226562e-04
3.813505172729492188e-04
6.853342056274414062e-04
1.090168952941894531e-03
1.596689224243164062e-03
2.203941345214843750e-03
2.912878990173339844e-03
3.722906112670898438e-03
4.634499549865722656e-03
5.647420883178710938e-03
6.761670112609863281e-03
7.977247238159179688e-03
9.294509887695312500e-03
1.071310043334960938e-02
1.223301887512207031e-02
1.385498046875000000e-02
1.557838916778564453e-02
1.740336418151855469e-02
1.932954788208007812e-02
2.135813236236572266e-02
2.348828315734863281e-02
2.572035789489746094e-02
2.805423736572265625e-02
3.049015998840332031e-02
3.302800655364990234e-02
3.566765785217285156e-02
3.840970993041992188e-02
4.125404357910156250e-02
4.420042037963867188e-02
4.724907875061035156e-02
5.040013790130615234e-02
5.365371704101562500e-02
5.700969696044921875e-02
6.046819686889648438e-02
6.402933597564697266e-02
6.769311428070068359e-02
7.145977020263671875e-02
7.532930374145507812e-02
7.930159568786621094e-02
8.337676525115966797e-02
8.755493164062500000e-02
9.183597564697265625e-02
9.622073173522949219e-02
1.007082462310791016e-01
1.052993535995483398e-01
1.099936962127685547e-01
1.147911548614501953e-01
1.196923255920410156e-01
1.246973276138305664e-01
