3.638496994972229004e-01
3.466531038284301758e-01
3.300384879112243652e-01
3.139871656894683838e-01
2.984816431999206543e-01
2.835062444210052490e-01
2.690447568893432617e-01
2.550829648971557617e-01
2.416067868471145630e-01
2.286032736301422119e-01
2.160601466894149780e-01
2.039655447006225586e-01
1.923083066940307617e-01
1.810777336359024048e-01
1.702643632888793945e-01
1.598576605319976807e-01
1.498486250638961792e-01
1.402287781238555908e-01
1.309898197650909424e-01
1.221232861280441284e-01
1.136219725012779236e-01
1.054778844118118286e-01
9.768478572368621826e-02
9.023515135049819946e-02
8.312312513589859009e-02
7.634177803993225098e-02
6.988572329282760620e-02
6.374888122081756592e-02
5.792586132884025574e-02
5.241117998957633972e-02
4.719933867454528809e-02
4.228616505861282349e-02
3.766628354787826538e-02
3.333539515733718872e-02
2.928861230611801147e-02
2.552234940230846405e-02
2.203124016523361206e-02
1.881230063736438751e-02
1.586147584021091461e-02
1.317459065467119217e-02
1.074889954179525375e-02
8.579634130001068115e-03
6.664289627224206924e-03
4.999049007892608643e-03
3.581050550565123558e-03
2.406956395134329796e-03
1.474023447372019291e-03
7.790328236296772957e-04
3.194809250999242067e-04
9.238719940185546875e-05
9.500980377197265625e-05
3.246069245506078005e-04
7.792712422087788582e-04
1.455903518944978714e-03
2.352238865569233894e-03
3.467443166300654411e-03
4.796748049557209015e-03
6.338962353765964508e-03
8.092178031802177429e-03
1.005401182919740677e-02
1.222291495651006699e-02
1.459638308733701706e-02
1.717250980436801910e-02
1.994950696825981140e-02
2.292570844292640686e-02
2.610266022384166718e-02
2.947178110480308533e-02
3.303486108779907227e-02
3.679011017084121704e-02
4.073538631200790405e-02
4.486984759569168091e-02
4.919171705842018127e-02
5.369907990097999573e-02
5.839098244905471802e-02
6.326564401388168335e-02
6.832651048898696899e-02
7.356250286102294922e-02
7.897695899009704590e-02
8.456892520189285278e-02
9.033649414777755737e-02
9.627859294414520264e-02
1.023939102888107300e-01
1.086814850568771362e-01
1.151402592658996582e-01
1.217681914567947388e-01
1.285711377859115601e-01
1.355351358652114868e-01
1.426647305488586426e-01
1.499596685171127319e-01
1.574185192584991455e-01
1.650401055812835693e-01
1.728235930204391479e-01
1.807679980993270874e-01
1.888713389635086060e-01
1.971340477466583252e-01
2.055624723434448242e-01
2.141396850347518921e-01
2.228722274303436279e-01
2.317603379487991333e-01
2.408022433519363403e-01
