-4.938693523406982422e+00
-4.916965484619140625e+00
-4.972604751586914062e+00
-4.961219310760498047e+00
-4.972985744476318359e+00
-4.981024265289306641e+00
-4.949622154235839844e+00
-4.980341911315917969e+00
-4.990530967712402344e+00
-4.949908256530761719e+00
-4.983656883239746094e+00
-4.967919826507568359e+00
-4.983026027679443359e+00
-4.971465587615966797e+00
-4.969412326812744141e+00
-4.920303344726562500e+00
-4.969318866729736328e+00
-4.967156410217285156e+00
-4.960997104644775391e+00
-4.983303546905517578e+00
-4.971378803253173828e+00
-4.969415664672851562e+00
-4.976257801055908203e+00
-4.958690166473388672e+00
-4.971267223358154297e+00
-4.923142433166503906e+00
-4.943516731262207031e+00
-4.983969688415527344e+00
-4.968583583831787109e+00
-4.960622310638427734e+00
-4.973588466644287109e+00
-4.906265735626220703e+00
-4.920860290527343750e+00
-4.971571445465087891e+00
-4.970840930938720703e+00
-4.594477653503417969e+00
-4.976119995117187500e+00
-4.950900554656982422e+00
-4.911560058593750000e+00
-4.971825122833251953e+00
-4.946142673492431641e+00
-4.968617439270019531e+00
-4.969981670379638672e+00
-4.974743366241455078e+00
-4.959915637969970703e+00
-4.914269924163818359e+00
-4.946339607238769531e+00
-4.920323371887207031e+00
-4.987771034240722656e+00
9.083847045898437500e+00
-4.969386100769042969e+00
-4.951189041137695312e+00
-4.920167922973632812e+00
-4.924296855926513672e+00
-4.972239494323730469e+00
-4.916883468627929688e+00
-4.974512577056884766e+00
-4.977564811706542969e+00
-4.956610679626464844e+00
-4.944595336914062500e+00
-4.916394710540771484e+00
-4.932015419006347656e+00
-4.985450267791748047e+00
-4.944979667663574219e+00
-4.975192546844482422e+00
-4.996765136718750000e+00
-4.970634937286376953e+00
-4.950719833374023438e+00
-4.975811481475830078e+00
-4.978094100952148438e+00
-4.984299659729003906e+00
-4.926283359527587891e+00
-4.970367908477783203e+00
-4.967741966247558594e+00
-4.972271442413330078e+00
-4.974842071533203125e+00
-4.971435070037841797e+00
-4.995311260223388672e+00
-4.960603237152099609e+00
-4.961599349975585938e+00
-4.935662269592285156e+00
9.610864520072937012e-01
-4.920093059539794922e+00
-4.941958904266357422e+00
-4.944518566131591797e+00
-4.932294368743896484e+00
-4.952253341674804688e+00
-4.971456527709960938e+00
2.743459939956665039e+00
-4.896972179412841797e+00
-4.918298244476318359e+00
-4.936243534088134766e+00
-4.960951805114746094e+00
-4.985074520111083984e+00
-4.924674987792968750e+00
1.723844528198242188e+00
-4.909274578094482422e+00
-4.980577468872070312e+00
3.130323410034179688e+00
-4.996736526489257812e+00
-4.974990367889404297e+00
-4.970760822296142578e+00
-4.976451396942138672e+00
-4.974762439727783203e+00
-4.995651245117187500e+00
-4.905064582824707031e+00
-4.956843852996826172e+00
-4.965737342834472656e+00
-4.940359115600585938e+00
-4.920310974121093750e+00
-4.968372821807861328e+00
-4.920808315277099609e+00
-4.909914970397949219e+00
-4.945373058319091797e+00
-4.972443103790283203e+00
-4.989505767822265625e+00
-4.957919597625732422e+00
-4.977024555206298828e+00
-4.937530040740966797e+00
-4.913696289062500000e+00
-4.971411228179931641e+00
-4.969208717346191406e+00
-4.971135616302490234e+00
-4.969975471496582031e+00
-4.972944259643554688e+00
-4.983831882476806641e+00
-4.996886730194091797e+00
-4.955213546752929688e+00
