-0.000000000000000000e+00 -0.000000000000000000e+00 -0.000000000000000000e+00 3.725018501281738281e+00
-0.000000000000000000e+00 -0.000000000000000000e+00 -0.000000000000000000e+00 3.774339675903320312e+00
-0.000000000000000000e+00 -0.000000000000000000e+00 -0.000000000000000000e+00 3.660058259963989258e+00
-0.000000000000000000e+00 -0.000000000000000000e+00 -0.000000000000000000e+00 3.677803993225097656e+00
-0.000000000000000000e+00 -0.000000000000000000e+00 -0.000000000000000000e+00 3.659568786621093750e+00
-0.000000000000000000e+00 -0.000000000000000000e+00 -0.000000000000000000e+00 3.635261535644531250e+00
-0.000000000000000000e+00 -0.000000000000000000e+00 -0.000000000000000000e+00 3.711306810379028320e+00
-0.000000000000000000e+00 -0.000000000000000000e+00 -0.000000000000000000e+00 3.633808374404907227e+00
-0.000000000000000000e+00 -0.000000000000000000e+00 -0.000000000000000000e+00 3.622929096221923828e+00
-0.000000000000000000e+00 -0.000000000000000000e+00 -0.000000000000000000e+00 3.685357809066772461e+00
-0.000000000000000000e+00 -0.000000000000000000e+00 -0.000000000000000000e+00 3.645496606826782227e+00
-0.000000000000000000e+00 -0.000000000000000000e+00 -0.000000000000000000e+00 3.670974493026733398e+00
-0.000000000000000000e+00 -0.000000000000000000e+00 -0.000000000000000000e+00 3.629612684249877930e+00
-0.000000000000000000e+00 -0.000000000000000000e+00 -0.000000000000000000e+00 3.669949054718017578e+00
-0.000000000000000000e+00 -0.000000000000000000e+00 -0.000000000000000000e+00 3.664067506790161133e+00
-0.000000000000000000e+00 -0.000000000000000000e+00 -0.000000000000000000e+00 3.756627321243286133e+00
-0.000000000000000000e+00 -0.000000000000000000e+00 -0.000000000000000000e+00 3.653433322906494141e+00
-0.000000000000000000e+00 -0.000000000000000000e+00 -0.000000000000000000e+00 3.678957700729370117e+00
-0.000000000000000000e+00 -0.000000000000000000e+00 -0.000000000000000000e+00 3.670443773269653320e+00
-0.000000000000000000e+00 -0.000000000000000000e+00 -0.000000000000000000e+00 3.629641294479370117e+00
-0.000000000000000000e+00 -0.000000000000000000e+00 -0.000000000000000000e+00 3.673995733261108398e+00
-0.000000000000000000e+00 -0.000000000000000000e+00 -0.000000000000000000e+00 3.664110660552978516e+00
-0.000000000000000000e+00 -0.000000000000000000e+00 -0.000000000000000000e+00 3.663258790969848633e+00
-0.000000000000000000e+00 -0.000000000000000000e+00 -0.000000000000000000e+00 3.672503232955932617e+00
-0.000000000000000000e+00 -0.000000000000000000e+00 -0.000000000000000000e+00 3.661144256591796875e+00
-0.000000000000000000e+00 -0.000000000000000000e+00 -0.000000000000000000e+00 3.760597467422485352e+00
-0.000000000000000000e+00 -0.000000000000000000e+00 -0.000000000000000000e+00 3.721644639968872070e+00
-0.000000000000000000e+00 -0.000000000000000000e+00 -0.000000000000000000e+00 3.629663944244384766e+00
-0.000000000000000000e+00 -0.000000000000000000e+00 -0.000000000000000000e+00 3.667771100997924805e+00
-0.000000000000000000e+00 -0.000000000000000000e+00 -0.000000000000000000e+00 3.662228107452392578e+00
-0.000000000000000000e+00 -0.000000000000000000e+00 -0.000000000000000000e+00 3.657729864120483398e+00
-0.000000000000000000e+00 -0.000000000000000000e+00 -0.000000000000000000e+00 3.763104915618896484e+00
-0.000000000000000000e+00 -0.000000000000000000e+00 -0.000000000000000000e+00 3.763327360153198242e+00
-0.000000000000000000e+00 -0.000000000000000000e+00 -0.000000000000000000e+00 3.659948825836181641e+00
-0.000000000000000000e+00 -0.000000000000000000e+00 -0.000000000000000000e+00 3.669920682907104492e+00
-0.000000000000000000e+00 -0.000000000000000000e+00 -0.000000000000000000e+00 4.481533527374267578e+00
-0.000000000000000000e+00 -0.000000000000000000e+00 -0.000000000000000000e+00 3.658474445343017578e+00
-0.000000000000000000e+00 -0.000000000000000000e+00 -0.000000000000000000e+00 3.680252075195312500e+00
-0.000000000000000000e+00 -0.000000000000000000e+00 -0.000000000000000000e+00 3.771992444992065430e+00
-0.000000000000000000e+00 -0.000000000000000000e+00 -0.000000000000000000e+00 3.645074367523193359e+00
-0.000000000000000000e+00 -0.000000000000000000e+00 -0.000000000000000000e+00 3.687315702438354492e+00
-0.000000000000000000e+00 -0.000000000000000000e+00 -0.000000000000000000e+00 3.649705886840820312e+00
-0.000000000000000000e+00 -0.000000000000000000e+00 -0.000000000000000000e+00 3.663980722427368164e+00
-0.000000000000000000e+00 -0.000000000000000000e+00 -0.000000000000000000e+00 3.639699220657348633e+00
-0.000000000000000000e+00 -0.000000000000000000e+00 -0.000000000000000000e+00 3.664001941680908203e+00
-0.000000000000000000e+00 -0.000000000000000000e+00 -0.000000000000000000e+00 3.777845859527587891e+00
-0.000000000000000000e+00 -0.000000000000000000e+00 -0.000000000000000000e+00 3.689232110977172852e+00
-0.000000000000000000e+00 -0.000000000000000000e+00 -0.000000000000000000e+00 3.744239091873168945e+00
-0.000000000000000000e+00 -0.000000000000000000e+00 -0.000000000000000000e+00 3.623410701751708984e+00
3.030668885912746191e-04 8.898014202713966370e-04 4.930732026696205139e-02 1.345709609985351562e+01
-0.000000000000000000e+00 -0.000000000000000000e+00 -0.000000000000000000e+00 3.648518800735473633e+00
-0.000000000000000000e+00 -0.000000000000000000e+00 -0.000000000000000000e+00 3.708796262741088867e+00
-0.000000000000000000e+00 -0.000000000000000000e+00 -0.000000000000000000e+00 3.761673927307128906e+00
-0.000000000000000000e+00 -0.000000000000000000e+00 -0.000000000000000000e+00 3.731256961822509766e+00
-0.000000000000000000e+00 -0.000000000000000000e+00 -0.000000000000000000e+00 3.670665264129638672e+00
-0.000000000000000000e+00 -0.000000000000000000e+00 -0.000000000000000000e+00 3.768043994903564453e+00
-0.000000000000000000e+00 -0.000000000000000000e+00 -0.000000000000000000e+00 3.664312362670898438e+00
-0.000000000000000000e+00 -0.000000000000000000e+00 -0.000000000000000000e+00 3.635424375534057617e+00
-0.000000000000000000e+00 -0.000000000000000000e+00 -0.000000000000000000e+00 3.669826030731201172e+00
-0.000000000000000000e+00 -0.000000000000000000e+00 -0.000000000000000000e+00 3.694967508316040039e+00
-0.000000000000000000e+00 -0.000000000000000000e+00 -0.000000000000000000e+00 3.775402069091796875e+00
-0.000000000000000000e+00 -0.000000000000000000e+00 -0.000000000000000000e+00 3.748762130737304688e+00
-0.000000000000000000e+00 -0.000000000000000000e+00 -0.000000000000000000e+00 3.627891302108764648e+00
-0.000000000000000000e+00 -0.000000000000000000e+00 -0.000000000000000000e+00 3.711939096450805664e+00
-0.000000000000000000e+00 -0.000000000000000000e+00 -0.000000000000000000e+00 3.658022880554199219e+00
-0.000000000000000000e+00 -0.000000000000000000e+00 -0.000000000000000000e+00 3.622390508651733398e+00
-0.000000000000000000e+00 -0.000000000000000000e+00 -0.000000000000000000e+00 3.660664796829223633e+00
-0.000000000000000000e+00 -0.000000000000000000e+00 -0.000000000000000000e+00 3.704331159591674805e+00
-0.000000000000000000e+00 -0.000000000000000000e+00 -0.000000000000000000e+00 3.639413595199584961e+00
-0.000000000000000000e+00 -0.000000000000000000e+00 -0.000000000000000000e+00 3.635939836502075195e+00
-0.000000000000000000e+00 -0.000000000000000000e+00 -0.000000000000000000e+00 3.628348112106323242e+00
-0.000000000000000000e+00 -0.000000000000000000e+00 -0.000000000000000000e+00 3.748159646987915039e+00
-0.000000000000000000e+00 -0.000000000000000000e+00 -0.000000000000000000e+00 3.647202491760253906e+00
-0.000000000000000000e+00 -0.000000000000000000e+00 -0.000000000000000000e+00 3.669341802597045898e+00
-0.000000000000000000e+00 -0.000000000000000000e+00 -0.000000000000000000e+00 3.659744262695312500e+00
-0.000000000000000000e+00 -0.000000000000000000e+00 -0.000000000000000000e+00 3.664753198623657227e+00
-0.000000000000000000e+00 -0.000000000000000000e+00 -0.000000000000000000e+00 3.672493457794189453e+00
-0.000000000000000000e+00 -0.000000000000000000e+00 -0.000000000000000000e+00 3.618920803070068359e+00
-0.000000000000000000e+00 -0.000000000000000000e+00 -0.000000000000000000e+00 3.685900449752807617e+00
-0.000000000000000000e+00 -0.000000000000000000e+00 -0.000000000000000000e+00 3.676612377166748047e+00
-0.000000000000000000e+00 -0.000000000000000000e+00 -0.000000000000000000e+00 3.736430644989013672e+00
-0.000000000000000000e+00 2.556120307417586446e-05 2.738147079944610596e-01 1.092014217376708984e+01
-0.000000000000000000e+00 -0.000000000000000000e+00 -0.000000000000000000e+00 3.768006563186645508e+00
-0.000000000000000000e+00 -0.000000000000000000e+00 -0.000000000000000000e+00 3.716264724731445312e+00
-0.000000000000000000e+00 -0.000000000000000000e+00 -0.000000000000000000e+00 3.698326110839843750e+00
-0.000000000000000000e+00 -0.000000000000000000e+00 -0.000000000000000000e+00 3.731731653213500977e+00
-0.000000000000000000e+00 -0.000000000000000000e+00 -0.000000000000000000e+00 3.700855255126953125e+00
-0.000000000000000000e+00 -0.000000000000000000e+00 -0.000000000000000000e+00 3.661363840103149414e+00
1.617743849754333496e+00 1.876423921203240752e-04 3.976351290475577116e-04 4.756711006164550781e+00
-0.000000000000000000e+00 -0.000000000000000000e+00 -0.000000000000000000e+00 3.782331466674804688e+00
-0.000000000000000000e+00 -0.000000000000000000e+00 -0.000000000000000000e+00 3.745913982391357422e+00
-0.000000000000000000e+00 -0.000000000000000000e+00 -0.000000000000000000e+00 3.712154865264892578e+00
-0.000000000000000000e+00 -0.000000000000000000e+00 -0.000000000000000000e+00 3.682792425155639648e+00
-0.000000000000000000e+00 -0.000000000000000000e+00 -0.000000000000000000e+00 3.631250143051147461e+00
-0.000000000000000000e+00 -0.000000000000000000e+00 -0.000000000000000000e+00 3.748648881912231445e+00
1.993178486824035645e+00 4.962294101715087891e-01 1.857771538197994232e-03 4.260138034820556641e+00
-0.000000000000000000e+00 -0.000000000000000000e+00 -0.000000000000000000e+00 3.779064416885375977e+00
-0.000000000000000000e+00 -0.000000000000000000e+00 -0.000000000000000000e+00 3.633479595184326172e+00
3.975806832313537598e-01 3.573417067527770996e-01 1.774001575540751219e-04 4.386067867279052734e+00
-0.000000000000000000e+00 -0.000000000000000000e+00 -0.000000000000000000e+00 3.620023727416992188e+00
-0.000000000000000000e+00 -0.000000000000000000e+00 -0.000000000000000000e+00 3.665479421615600586e+00
-0.000000000000000000e+00 -0.000000000000000000e+00 -0.000000000000000000e+00 3.670433282852172852e+00
-0.000000000000000000e+00 -0.000000000000000000e+00 -0.000000000000000000e+00 3.638556718826293945e+00
-0.000000000000000000e+00 -0.000000000000000000e+00 -0.000000000000000000e+00 3.671224594116210938e+00
-0.000000000000000000e+00 -0.000000000000000000e+00 -0.000000000000000000e+00 3.631806373596191406e+00
-0.000000000000000000e+00 -0.000000000000000000e+00 -0.000000000000000000e+00 3.789135217666625977e+00
-0.000000000000000000e+00 -0.000000000000000000e+00 -0.000000000000000000e+00 3.675383806228637695e+00
-0.000000000000000000e+00 -0.000000000000000000e+00 -0.000000000000000000e+00 3.654622793197631836e+00
-0.000000000000000000e+00 -0.000000000000000000e+00 -0.000000000000000000e+00 3.700419187545776367e+00
-0.000000000000000000e+00 -0.000000000000000000e+00 -0.000000000000000000e+00 3.760094881057739258e+00
-0.000000000000000000e+00 -0.000000000000000000e+00 -0.000000000000000000e+00 3.649914741516113281e+00
-0.000000000000000000e+00 -0.000000000000000000e+00 -0.000000000000000000e+00 3.767648220062255859e+00
-0.000000000000000000e+00 -0.000000000000000000e+00 -0.000000000000000000e+00 3.781261682510375977e+00
-0.000000000000000000e+00 -0.000000000000000000e+00 -0.000000000000000000e+00 3.692868947982788086e+00
-0.000000000000000000e+00 -0.000000000000000000e+00 -0.000000000000000000e+00 3.644175767898559570e+00
-0.000000000000000000e+00 -0.000000000000000000e+00 -0.000000000000000000e+00 3.623717069625854492e+00
-0.000000000000000000e+00 -0.000000000000000000e+00 -0.000000000000000000e+00 3.691039085388183594e+00
-0.000000000000000000e+00 -0.000000000000000000e+00 -0.000000000000000000e+00 3.636465549468994141e+00
-0.000000000000000000e+00 -0.000000000000000000e+00 -0.000000000000000000e+00 3.738040685653686523e+00
-0.000000000000000000e+00 -0.000000000000000000e+00 -0.000000000000000000e+00 3.774696826934814453e+00
-0.000000000000000000e+00 -0.000000000000000000e+00 -0.000000000000000000e+00 3.660575628280639648e+00
-0.000000000000000000e+00 -0.000000000000000000e+00 -0.000000000000000000e+00 3.651830196380615234e+00
-0.000000000000000000e+00 -0.000000000000000000e+00 -0.000000000000000000e+00 3.645000219345092773e+00
-0.000000000000000000e+00 -0.000000000000000000e+00 -0.000000000000000000e+00 3.647192001342773438e+00
-0.000000000000000000e+00 -0.000000000000000000e+00 -0.000000000000000000e+00 3.658813476562500000e+00
-0.000000000000000000e+00 -0.000000000000000000e+00 -0.000000000000000000e+00 3.629653215408325195e+00
-0.000000000000000000e+00 -0.000000000000000000e+00 -0.000000000000000000e+00 3.618739843368530273e+00
-0.000000000000000000e+00 -0.000000000000000000e+00 -0.000000000000000000e+00 3.692674875259399414e+00
