-5.465823650360107422e+00
-5.473478317260742188e+00
3.201519966125488281e+00
-5.460747718811035156e+00
-5.453048706054687500e+00
-5.465850830078125000e+00
-5.469777107238769531e+00
-5.465391635894775391e+00
-5.468605995178222656e+00
-5.455149650573730469e+00
-5.462953567504882812e+00
-5.455440521240234375e+00
-5.455896854400634766e+00
-5.453948020935058594e+00
-5.456945896148681641e+00
-5.461100578308105469e+00
-5.467588424682617188e+00
-5.464047908782958984e+00
-5.454921245574951172e+00
-5.472068309783935547e+00
-5.468446731567382812e+00
-5.466885089874267578e+00
-5.463192939758300781e+00
-5.470542907714843750e+00
-5.451592445373535156e+00
-5.464303970336914062e+00
-5.462615489959716797e+00
-5.448952198028564453e+00
-5.461523056030273438e+00
-5.462675571441650391e+00
-5.465342521667480469e+00
-5.461378097534179688e+00
-5.468584537506103516e+00
-5.454823970794677734e+00
-5.455046653747558594e+00
1.575305938720703125e+00
-5.452445983886718750e+00
-5.471155643463134766e+00
-5.453511714935302734e+00
-5.469643115997314453e+00
-5.466190338134765625e+00
-5.467860221862792969e+00
4.514738559722900391e+00
-5.461923599243164062e+00
-5.455689430236816406e+00
-5.449432373046875000e+00
-5.469818115234375000e+00
-5.472491741180419922e+00
-5.476994514465332031e+00
-5.465395927429199219e+00
-5.460135459899902344e+00
-5.454199790954589844e+00
-5.472590446472167969e+00
-5.459272861480712891e+00
-5.468373775482177734e+00
-5.463720798492431641e+00
-5.459611415863037109e+00
-5.470360279083251953e+00
-5.470559120178222656e+00
-5.465317726135253906e+00
-5.470013618469238281e+00
-5.458688735961914062e+00
-5.458137989044189453e+00
-4.678441047668457031e+00
