-0.000000000000000000e+00 -0.000000000000000000e+00 -0.000000000000000000e+00 3.843455076217651367e+00
-0.000000000000000000e+00 -0.000000000000000000e+00 -0.000000000000000000e+00 3.756228923797607422e+00
6.648286581039428711e-01 2.909910976886749268e-01 8.953291689977049828e-04 4.359514236450195312e+00
-0.000000000000000000e+00 -0.000000000000000000e+00 -0.000000000000000000e+00 3.736260890960693359e+00
-0.000000000000000000e+00 -0.000000000000000000e+00 -0.000000000000000000e+00 3.919816255569458008e+00
-0.000000000000000000e+00 -0.000000000000000000e+00 -0.000000000000000000e+00 3.820201635360717773e+00
-0.000000000000000000e+00 -0.000000000000000000e+00 -0.000000000000000000e+00 3.792958498001098633e+00
-0.000000000000000000e+00 -0.000000000000000000e+00 -0.000000000000000000e+00 3.924245357513427734e+00
-0.000000000000000000e+00 -0.000000000000000000e+00 -0.000000000000000000e+00 3.754033803939819336e+00
-0.000000000000000000e+00 -0.000000000000000000e+00 -0.000000000000000000e+00 3.797247886657714844e+00
-0.000000000000000000e+00 -0.000000000000000000e+00 -0.000000000000000000e+00 3.735772371292114258e+00
-0.000000000000000000e+00 -0.000000000000000000e+00 -0.000000000000000000e+00 3.804744482040405273e+00
-0.000000000000000000e+00 -0.000000000000000000e+00 -0.000000000000000000e+00 3.786951541900634766e+00
-0.000000000000000000e+00 -0.000000000000000000e+00 -0.000000000000000000e+00 3.926121711730957031e+00
-0.000000000000000000e+00 -0.000000000000000000e+00 -0.000000000000000000e+00 3.827304363250732422e+00
-0.000000000000000000e+00 -0.000000000000000000e+00 -0.000000000000000000e+00 3.729987144470214844e+00
-0.000000000000000000e+00 -0.000000000000000000e+00 -0.000000000000000000e+00 3.834275245666503906e+00
-0.000000000000000000e+00 -0.000000000000000000e+00 -0.000000000000000000e+00 3.734081983566284180e+00
-0.000000000000000000e+00 -0.000000000000000000e+00 -0.000000000000000000e+00 3.795083284378051758e+00
-0.000000000000000000e+00 -0.000000000000000000e+00 -0.000000000000000000e+00 3.771360158920288086e+00
-0.000000000000000000e+00 -0.000000000000000000e+00 -0.000000000000000000e+00 3.751138687133789062e+00
-0.000000000000000000e+00 -0.000000000000000000e+00 -0.000000000000000000e+00 3.785484075546264648e+00
-0.000000000000000000e+00 -0.000000000000000000e+00 -0.000000000000000000e+00 3.731126070022583008e+00
-0.000000000000000000e+00 -0.000000000000000000e+00 -0.000000000000000000e+00 3.806665658950805664e+00
-0.000000000000000000e+00 -0.000000000000000000e+00 -0.000000000000000000e+00 3.948164224624633789e+00
-0.000000000000000000e+00 -0.000000000000000000e+00 -0.000000000000000000e+00 3.842216491699218750e+00
-0.000000000000000000e+00 -0.000000000000000000e+00 -0.000000000000000000e+00 3.735213756561279297e+00
-0.000000000000000000e+00 -0.000000000000000000e+00 -0.000000000000000000e+00 3.960084676742553711e+00
-0.000000000000000000e+00 -0.000000000000000000e+00 -0.000000000000000000e+00 3.733130931854248047e+00
-0.000000000000000000e+00 -0.000000000000000000e+00 -0.000000000000000000e+00 3.735237121582031250e+00
-0.000000000000000000e+00 -0.000000000000000000e+00 -0.000000000000000000e+00 3.849166393280029297e+00
-0.000000000000000000e+00 -0.000000000000000000e+00 -0.000000000000000000e+00 3.743073225021362305e+00
-0.000000000000000000e+00 -0.000000000000000000e+00 -0.000000000000000000e+00 3.783543825149536133e+00
-0.000000000000000000e+00 -0.000000000000000000e+00 -0.000000000000000000e+00 3.881735801696777344e+00
-0.000000000000000000e+00 -0.000000000000000000e+00 -0.000000000000000000e+00 3.852131366729736328e+00
2.263051271438598633e+00 2.712897956371307373e-01 1.340377377346158028e-03 4.197678089141845703e+00
-0.000000000000000000e+00 -0.000000000000000000e+00 -0.000000000000000000e+00 3.926154375076293945e+00
-0.000000000000000000e+00 -0.000000000000000000e+00 -0.000000000000000000e+00 3.836743831634521484e+00
-0.000000000000000000e+00 -0.000000000000000000e+00 -0.000000000000000000e+00 3.953764438629150391e+00
-0.000000000000000000e+00 -0.000000000000000000e+00 -0.000000000000000000e+00 3.743917942047119141e+00
-0.000000000000000000e+00 -0.000000000000000000e+00 -0.000000000000000000e+00 3.736724853515625000e+00
-0.000000000000000000e+00 -0.000000000000000000e+00 -0.000000000000000000e+00 3.767291545867919922e+00
-0.000000000000000000e+00 -0.000000000000000000e+00 9.427446126937866211e-02 9.451485633850097656e+00
-0.000000000000000000e+00 -0.000000000000000000e+00 -0.000000000000000000e+00 3.729979276657104492e+00
-0.000000000000000000e+00 -0.000000000000000000e+00 -0.000000000000000000e+00 3.822209835052490234e+00
-0.000000000000000000e+00 -0.000000000000000000e+00 -0.000000000000000000e+00 3.906983852386474609e+00
-0.000000000000000000e+00 -0.000000000000000000e+00 -0.000000000000000000e+00 3.741501808166503906e+00
-0.000000000000000000e+00 -0.000000000000000000e+00 -0.000000000000000000e+00 3.746696710586547852e+00
-0.000000000000000000e+00 -0.000000000000000000e+00 -0.000000000000000000e+00 3.778169631958007812e+00
-0.000000000000000000e+00 -0.000000000000000000e+00 -0.000000000000000000e+00 3.734913110733032227e+00
-0.000000000000000000e+00 -0.000000000000000000e+00 -0.000000000000000000e+00 3.746554136276245117e+00
-0.000000000000000000e+00 -0.000000000000000000e+00 -0.000000000000000000e+00 3.920245409011840820e+00
-0.000000000000000000e+00 -0.000000000000000000e+00 -0.000000000000000000e+00 3.769742012023925781e+00
-0.000000000000000000e+00 -0.000000000000000000e+00 -0.000000000000000000e+00 3.910950183868408203e+00
-0.000000000000000000e+00 -0.000000000000000000e+00 -0.000000000000000000e+00 3.781765699386596680e+00
-0.000000000000000000e+00 -0.000000000000000000e+00 -0.000000000000000000e+00 3.737109184265136719e+00
-0.000000000000000000e+00 -0.000000000000000000e+00 -0.000000000000000000e+00 3.744568586349487305e+00
-0.000000000000000000e+00 -0.000000000000000000e+00 -0.000000000000000000e+00 3.769757509231567383e+00
-0.000000000000000000e+00 -0.000000000000000000e+00 -0.000000000000000000e+00 3.771766185760498047e+00
-0.000000000000000000e+00 -0.000000000000000000e+00 -0.000000000000000000e+00 3.736966371536254883e+00
-0.000000000000000000e+00 -0.000000000000000000e+00 -0.000000000000000000e+00 3.783945798873901367e+00
-0.000000000000000000e+00 -0.000000000000000000e+00 -0.000000000000000000e+00 3.758460044860839844e+00
-0.000000000000000000e+00 -0.000000000000000000e+00 -0.000000000000000000e+00 3.774992465972900391e+00
-0.000000000000000000e+00 -0.000000000000000000e+00 -0.000000000000000000e+00 3.412926435470581055e+00
