5.000000000000000000e-01 0.000000000000000000e+00 0.000000000000000000e+00 0.000000000000000000e+00 5.000000000000000000e-01 0.000000000000000000e+00 0.000000000000000000e+00 0.000000000000000000e+00 1.128180027008056641e+00
5.101010203361511230e-01 0.000000000000000000e+00 0.000000000000000000e+00 0.000000000000000000e+00 5.101010203361511230e-01 0.000000000000000000e+00 0.000000000000000000e+00 0.000000000000000000e+00 1.126090049743652344e+00
5.202019810676574707e-01 0.000000000000000000e+00 0.000000000000000000e+00 0.000000000000000000e+00 5.202019810676574707e-01 0.000000000000000000e+00 0.000000000000000000e+00 0.000000000000000000e+00 1.123970031738281250e+00
5.303030014038085938e-01 0.000000000000000000e+00 0.000000000000000000e+00 0.000000000000000000e+00 5.303030014038085938e-01 0.000000000000000000e+00 0.000000000000000000e+00 0.000000000000000000e+00 1.121829986572265625e+00
5.404040217399597168e-01 0.000000000000000000e+00 0.000000000000000000e+00 0.000000000000000000e+00 5.404040217399597168e-01 0.000000000000000000e+00 0.000000000000000000e+00 0.000000000000000000e+00 1.119650006294250488e+00
5.505049824714660645e-01 0.000000000000000000e+00 0.000000000000000000e+00 0.000000000000000000e+00 5.505049824714660645e-01 0.000000000000000000e+00 0.000000000000000000e+00 0.000000000000000000e+00 1.117449998855590820e+00
5.606060028076171875e-01 0.000000000000000000e+00 0.000000000000000000e+00 0.000000000000000000e+00 5.606060028076171875e-01 0.000000000000000000e+00 0.000000000000000000e+00 0.000000000000000000e+00 1.115219950675964355e+00
5.707070231437683105e-01 0.000000000000000000e+00 0.000000000000000000e+00 0.000000000000000000e+00 5.707070231437683105e-01 0.000000000000000000e+00 0.000000000000000000e+00 0.000000000000000000e+00 1.112959980964660645e+00
5.808079838752746582e-01 0.000000000000000000e+00 0.000000000000000000e+00 0.000000000000000000e+00 5.808079838752746582e-01 0.000000000000000000e+00 0.000000000000000000e+00 0.000000000000000000e+00 1.110679984092712402e+00
5.909090042114257812e-01 0.000000000000000000e+00 0.000000000000000000e+00 0.000000000000000000e+00 5.909090042114257812e-01 0.000000000000000000e+00 0.000000000000000000e+00 0.000000000000000000e+00 1.108369946479797363e+00
6.010100245475769043e-01 0.000000000000000000e+00 0.000000000000000000e+00 0.000000000000000000e+00 6.010100245475769043e-01 0.000000000000000000e+00 0.000000000000000000e+00 0.000000000000000000e+00 1.106029987335205078e+00
6.111109852790832520e-01 0.000000000000000000e+00 0.000000000000000000e+00 0.000000000000000000e+00 6.111109852790832520e-01 0.000000000000000000e+00 0.000000000000000000e+00 0.000000000000000000e+00 1.103670001029968262e+00
6.212120056152343750e-01 0.000000000000000000e+00 0.000000000000000000e+00 0.000000000000000000e+00 6.212120056152343750e-01 0.000000000000000000e+00 0.000000000000000000e+00 0.000000000000000000e+00 1.101289987564086914e+00
6.313130259513854980e-01 0.000000000000000000e+00 0.000000000000000000e+00 0.000000000000000000e+00 6.313130259513854980e-01 0.000000000000000000e+00 0.000000000000000000e+00 0.000000000000000000e+00 1.098889946937561035e+00
6.414139866828918457e-01 0.000000000000000000e+00 0.000000000000000000e+00 0.000000000000000000e+00 6.414139866828918457e-01 0.000000000000000000e+00 0.000000000000000000e+00 0.000000000000000000e+00 1.096459984779357910e+00
6.515150070190429688e-01 0.000000000000000000e+00 0.000000000000000000e+00 0.000000000000000000e+00 6.515150070190429688e-01 0.000000000000000000e+00 0.000000000000000000e+00 0.000000000000000000e+00 1.094009995460510254e+00
6.616160273551940918e-01 0.000000000000000000e+00 0.000000000000000000e+00 0.000000000000000000e+00 6.616160273551940918e-01 0.000000000000000000e+00 0.000000000000000000e+00 0.000000000000000000e+00 1.091529965400695801e+00
6.717169880867004395e-01 0.000000000000000000e+00 0.000000000000000000e+00 0.000000000000000000e+00 6.717169880867004395e-01 0.000000000000000000e+00 0.000000000000000000e+00 0.000000000000000000e+00 1.089040040969848633e+00
6.818180084228515625e-01 0.000000000000000000e+00 0.000000000000000000e+00 0.000000000000000000e+00 6.818180084228515625e-01 0.000000000000000000e+00 0.000000000000000000e+00 0.000000000000000000e+00 1.086529970169067383e+00
6.919190287590026855e-01 0.000000000000000000e+00 0.000000000000000000e+00 0.000000000000000000e+00 6.919190287590026855e-01 0.000000000000000000e+00 0.000000000000000000e+00 0.000000000000000000e+00 1.083989977836608887e+00
7.020199894905090332e-01 0.000000000000000000e+00 0.000000000000000000e+00 0.000000000000000000e+00 7.020199894905090332e-01 0.000000000000000000e+00 0.000000000000000000e+00 0.000000000000000000e+00 1.081439971923828125e+00
7.121210098266601562e-01 0.000000000000000000e+00 0.000000000000000000e+00 0.000000000000000000e+00 7.121210098266601562e-01 0.000000000000000000e+00 0.000000000000000000e+00 0.000000000000000000e+00 1.078870058059692383e+00
7.222219705581665039e-01 0.000000000000000000e+00 0.000000000000000000e+00 0.000000000000000000e+00 7.222219705581665039e-01 0.000000000000000000e+00 0.000000000000000000e+00 0.000000000000000000e+00 1.076279997825622559e+00
7.323229908943176270e-01 0.000000000000000000e+00 0.000000000000000000e+00 0.000000000000000000e+00 7.323229908943176270e-01 0.000000000000000000e+00 0.000000000000000000e+00 0.000000000000000000e+00 1.073670029640197754e+00
7.424240112304687500e-01 0.000000000000000000e+00 0.000000000000000000e+00 0.000000000000000000e+00 7.424240112304687500e-01 0.000000000000000000e+00 0.000000000000000000e+00 0.000000000000000000e+00 1.071050047874450684e+00
7.525249719619750977e-01 0.000000000000000000e+00 0.000000000000000000e+00 0.000000000000000000e+00 7.525249719619750977e-01 0.000000000000000000e+00 0.000000000000000000e+00 0.000000000000000000e+00 1.068410038948059082e+00
7.626259922981262207e-01 0.000000000000000000e+00 0.000000000000000000e+00 0.000000000000000000e+00 7.626259922981262207e-01 0.000000000000000000e+00 0.000000000000000000e+00 0.000000000000000000e+00 1.065750002861022949e+00
7.727270126342773438e-01 0.000000000000000000e+00 0.000000000000000000e+00 0.000000000000000000e+00 7.727270126342773438e-01 0.000000000000000000e+00 0.000000000000000000e+00 0.000000000000000000e+00 1.063079953193664551e+00
7.828279733657836914e-01 0.000000000000000000e+00 0.000000000000000000e+00 0.000000000000000000e+00 7.828279733657836914e-01 0.000000000000000000e+00 0.000000000000000000e+00 0.000000000000000000e+00 1.060389995574951172e+00
7.929289937019348145e-01 0.000000000000000000e+00 0.000000000000000000e+00 0.000000000000000000e+00 7.929289937019348145e-01 0.000000000000000000e+00 0.000000000000000000e+00 0.000000000000000000e+00 1.057690024375915527e+00
8.030300140380859375e-01 0.000000000000000000e+00 0.000000000000000000e+00 0.000000000000000000e+00 8.030300140380859375e-01 0.000000000000000000e+00 0.000000000000000000e+00 0.000000000000000000e+00 1.054980039596557617e+00
8.131309747695922852e-01 0.000000000000000000e+00 0.000000000000000000e+00 0.000000000000000000e+00 8.131309747695922852e-01 0.000000000000000000e+00 0.000000000000000000e+00 0.000000000000000000e+00 1.052250027656555176e+00
8.232319951057434082e-01 0.000000000000000000e+00 0.000000000000000000e+00 0.000000000000000000e+00 8.232319951057434082e-01 0.000000000000000000e+00 0.000000000000000000e+00 0.000000000000000000e+00 1.049510002136230469e+00
8.333330154418945312e-01 0.000000000000000000e+00 0.000000000000000000e+00 0.000000000000000000e+00 8.333330154418945312e-01 0.000000000000000000e+00 0.000000000000000000e+00 0.000000000000000000e+00 1.046759963035583496e+00
8.434339761734008789e-01 0.000000000000000000e+00 0.000000000000000000e+00 0.000000000000000000e+00 8.434339761734008789e-01 0.000000000000000000e+00 0.000000000000000000e+00 0.000000000000000000e+00 1.043990015983581543e+00
8.535349965095520020e-01 0.000000000000000000e+00 0.000000000000000000e+00 0.000000000000000000e+00 8.535349965095520020e-01 0.000000000000000000e+00 0.000000000000000000e+00 0.000000000000000000e+00 1.041219949722290039e+00
8.636360168457031250e-01 0.000000000000000000e+00 0.000000000000000000e+00 0.000000000000000000e+00 8.636360168457031250e-01 0.000000000000000000e+00 0.000000000000000000e+00 0.000000000000000000e+00 1.038429975509643555e+00
8.737369775772094727e-01 0.000000000000000000e+00 0.000000000000000000e+00 0.000000000000000000e+00 8.737369775772094727e-01 0.000000000000000000e+00 0.000000000000000000e+00 0.000000000000000000e+00 1.035640001296997070e+00
8.838379979133605957e-01 0.000000000000000000e+00 0.000000000000000000e+00 0.000000000000000000e+00 8.838379979133605957e-01 0.000000000000000000e+00 0.000000000000000000e+00 0.000000000000000000e+00 1.032829999923706055e+00
8.939390182495117188e-01 0.000000000000000000e+00 0.000000000000000000e+00 0.000000000000000000e+00 8.939390182495117188e-01 0.000000000000000000e+00 0.000000000000000000e+00 0.000000000000000000e+00 1.030019998550415039e+00
9.040399789810180664e-01 0.000000000000000000e+00 0.000000000000000000e+00 0.000000000000000000e+00 9.040399789810180664e-01 0.000000000000000000e+00 0.000000000000000000e+00 0.000000000000000000e+00 1.027189970016479492e+00
9.141409993171691895e-01 0.000000000000000000e+00 0.000000000000000000e+00 0.000000000000000000e+00 9.141409993171691895e-01 0.000000000000000000e+00 0.000000000000000000e+00 0.000000000000000000e+00 1.024359941482543945e+00
9.242420196533203125e-01 0.000000000000000000e+00 0.000000000000000000e+00 0.000000000000000000e+00 9.242420196533203125e-01 0.000000000000000000e+00 0.000000000000000000e+00 0.000000000000000000e+00 1.021520018577575684e+00
9.343429803848266602e-01 0.000000000000000000e+00 0.000000000000000000e+00 0.000000000000000000e+00 9.343429803848266602e-01 0.000000000000000000e+00 0.000000000000000000e+00 0.000000000000000000e+00 1.018669962882995605e+00
9.444440007209777832e-01 0.000000000000000000e+00 0.000000000000000000e+00 0.000000000000000000e+00 9.444440007209777832e-01 0.000000000000000000e+00 0.000000000000000000e+00 0.000000000000000000e+00 1.015820026397705078e+00
9.545450210571289062e-01 0.000000000000000000e+00 0.000000000000000000e+00 0.000000000000000000e+00 9.545450210571289062e-01 0.000000000000000000e+00 0.000000000000000000e+00 0.000000000000000000e+00 1.012959957122802734e+00
9.646459817886352539e-01 0.000000000000000000e+00 0.000000000000000000e+00 0.000000000000000000e+00 9.646459817886352539e-01 0.000000000000000000e+00 0.000000000000000000e+00 0.000000000000000000e+00 1.010089993476867676e+00
9.747470021247863770e-01 0.000000000000000000e+00 0.000000000000000000e+00 0.000000000000000000e+00 9.747470021247863770e-01 0.000000000000000000e+00 0.000000000000000000e+00 0.000000000000000000e+00 1.007220029830932617e+00
9.848480224609375000e-01 0.000000000000000000e+00 0.000000000000000000e+00 0.000000000000000000e+00 9.848480224609375000e-01 0.000000000000000000e+00 0.000000000000000000e+00 0.000000000000000000e+00 1.004349946975708008e+00
9.949489831924438477e-01 0.000000000000000000e+00 0.000000000000000000e+00 0.000000000000000000e+00 9.949489831924438477e-01 0.000000000000000000e+00 0.000000000000000000e+00 0.000000000000000000e+00 1.001459956169128418e+00
1.005049943923950195e+00 0.000000000000000000e+00 0.000000000000000000e+00 0.000000000000000000e+00 1.005049943923950195e+00 0.000000000000000000e+00 0.000000000000000000e+00 0.000000000000000000e+00 9.985780119895935059e-01
1.015149950981140137e+00 0.000000000000000000e+00 0.000000000000000000e+00 0.000000000000000000e+00 1.015149950981140137e+00 0.000000000000000000e+00 0.000000000000000000e+00 0.000000000000000000e+00 9.956880211830139160e-01
1.025249958038330078e+00 0.000000000000000000e+00 0.000000000000000000e+00 0.000000000000000000e+00 1.025249958038330078e+00 0.000000000000000000e+00 0.000000000000000000e+00 0.000000000000000000e+00 9.927939772605895996e-01
1.035349965095520020e+00 0.000000000000000000e+00 0.000000000000000000e+00 0.000000000000000000e+00 1.035349965095520020e+00 0.000000000000000000e+00 0.000000000000000000e+00 0.000000000000000000e+00 9.898980259895324707e-01
1.045449972152709961e+00 0.000000000000000000e+00 0.000000000000000000e+00 0.000000000000000000e+00 1.045449972152709961e+00 0.000000000000000000e+00 0.000000000000000000e+00 0.000000000000000000e+00 9.869980216026306152e-01
1.055559992790222168e+00 0.000000000000000000e+00 0.000000000000000000e+00 0.000000000000000000e+00 1.055559992790222168e+00 0.000000000000000000e+00 0.000000000000000000e+00 0.000000000000000000e+00 9.840959906578063965e-01
1.065659999847412109e+00 0.000000000000000000e+00 0.000000000000000000e+00 0.000000000000000000e+00 1.065659999847412109e+00 0.000000000000000000e+00 0.000000000000000000e+00 0.000000000000000000e+00 9.811919927597045898e-01
1.075760006904602051e+00 0.000000000000000000e+00 0.000000000000000000e+00 0.000000000000000000e+00 1.075760006904602051e+00 0.000000000000000000e+00 0.000000000000000000e+00 0.000000000000000000e+00 9.782860279083251953e-01
1.085860013961791992e+00 0.000000000000000000e+00 0.000000000000000000e+00 0.000000000000000000e+00 1.085860013961791992e+00 0.000000000000000000e+00 0.000000000000000000e+00 0.000000000000000000e+00 9.753789901733398438e-01
1.095960021018981934e+00 0.000000000000000000e+00 0.000000000000000000e+00 0.000000000000000000e+00 1.095960021018981934e+00 0.000000000000000000e+00 0.000000000000000000e+00 0.000000000000000000e+00 9.724699854850769043e-01
1.106060028076171875e+00 0.000000000000000000e+00 0.000000000000000000e+00 0.000000000000000000e+00 1.106060028076171875e+00 0.000000000000000000e+00 0.000000000000000000e+00 0.000000000000000000e+00 9.695609807968139648e-01
1.116160035133361816e+00 0.000000000000000000e+00 0.000000000000000000e+00 0.000000000000000000e+00 1.116160035133361816e+00 0.000000000000000000e+00 0.000000000000000000e+00 0.000000000000000000e+00 9.666519761085510254e-01
1.126260042190551758e+00 0.000000000000000000e+00 0.000000000000000000e+00 0.000000000000000000e+00 1.126260042190551758e+00 0.000000000000000000e+00 0.000000000000000000e+00 0.000000000000000000e+00 9.637420177459716797e-01
1.136360049247741699e+00 0.000000000000000000e+00 0.000000000000000000e+00 0.000000000000000000e+00 1.136360049247741699e+00 0.000000000000000000e+00 0.000000000000000000e+00 0.000000000000000000e+00 9.608330130577087402e-01
1.146460056304931641e+00 0.000000000000000000e+00 0.000000000000000000e+00 0.000000000000000000e+00 1.146460056304931641e+00 0.000000000000000000e+00 0.000000000000000000e+00 0.000000000000000000e+00 9.579250216484069824e-01
1.156569957733154297e+00 0.000000000000000000e+00 0.000000000000000000e+00 0.000000000000000000e+00 1.156569957733154297e+00 0.000000000000000000e+00 0.000000000000000000e+00 0.000000000000000000e+00 9.550169706344604492e-01
1.166669964790344238e+00 0.000000000000000000e+00 0.000000000000000000e+00 0.000000000000000000e+00 1.166669964790344238e+00 0.000000000000000000e+00 0.000000000000000000e+00 0.000000000000000000e+00 9.521099925041198730e-01
1.176769971847534180e+00 0.000000000000000000e+00 0.000000000000000000e+00 0.000000000000000000e+00 1.176769971847534180e+00 0.000000000000000000e+00 0.000000000000000000e+00 0.000000000000000000e+00 9.492049813270568848e-01
1.186869978904724121e+00 0.000000000000000000e+00 0.000000000000000000e+00 0.000000000000000000e+00 1.186869978904724121e+00 0.000000000000000000e+00 0.000000000000000000e+00 0.000000000000000000e+00 9.463019967079162598e-01
1.196969985961914062e+00 0.000000000000000000e+00 0.000000000000000000e+00 0.000000000000000000e+00 1.196969985961914062e+00 0.000000000000000000e+00 0.000000000000000000e+00 0.000000000000000000e+00 9.434000253677368164e-01
1.207069993019104004e+00 0.000000000000000000e+00 0.000000000000000000e+00 0.000000000000000000e+00 1.207069993019104004e+00 0.000000000000000000e+00 0.000000000000000000e+00 0.000000000000000000e+00 9.405009746551513672e-01
1.217170000076293945e+00 0.000000000000000000e+00 0.000000000000000000e+00 0.000000000000000000e+00 1.217170000076293945e+00 0.000000000000000000e+00 0.000000000000000000e+00 0.000000000000000000e+00 9.376040101051330566e-01
1.227270007133483887e+00 0.000000000000000000e+00 0.000000000000000000e+00 0.000000000000000000e+00 1.227270007133483887e+00 0.000000000000000000e+00 0.000000000000000000e+00 0.000000000000000000e+00 9.347109794616699219e-01
1.237370014190673828e+00 0.000000000000000000e+00 0.000000000000000000e+00 0.000000000000000000e+00 1.237370014190673828e+00 0.000000000000000000e+00 0.000000000000000000e+00 0.000000000000000000e+00 9.318199753761291504e-01
1.247470021247863770e+00 0.000000000000000000e+00 0.000000000000000000e+00 0.000000000000000000e+00 1.247470021247863770e+00 0.000000000000000000e+00 0.000000000000000000e+00 0.000000000000000000e+00 9.289320111274719238e-01
1.257580041885375977e+00 0.000000000000000000e+00 0.000000000000000000e+00 0.000000000000000000e+00 1.257580041885375977e+00 0.000000000000000000e+00 0.000000000000000000e+00 0.000000000000000000e+00 9.260479807853698730e-01
1.267680048942565918e+00 0.000000000000000000e+00 0.000000000000000000e+00 0.000000000000000000e+00 1.267680048942565918e+00 0.000000000000000000e+00 0.000000000000000000e+00 0.000000000000000000e+00 9.231680035591125488e-01
1.277780055999755859e+00 0.000000000000000000e+00 0.000000000000000000e+00 0.000000000000000000e+00 1.277780055999755859e+00 0.000000000000000000e+00 0.000000000000000000e+00 0.000000000000000000e+00 9.202920198440551758e-01
1.287879943847656250e+00 0.000000000000000000e+00 0.000000000000000000e+00 0.000000000000000000e+00 1.287879943847656250e+00 0.000000000000000000e+00 0.000000000000000000e+00 0.000000000000000000e+00 9.174200296401977539e-01
1.297979950904846191e+00 0.000000000000000000e+00 0.000000000000000000e+00 0.000000000000000000e+00 1.297979950904846191e+00 0.000000000000000000e+00 0.000000000000000000e+00 0.000000000000000000e+00 9.145519733428955078e-01
1.308079957962036133e+00 0.000000000000000000e+00 0.000000000000000000e+00 0.000000000000000000e+00 1.308079957962036133e+00 0.000000000000000000e+00 0.000000000000000000e+00 0.000000000000000000e+00 9.116889834403991699e-01
1.318179965019226074e+00 0.000000000000000000e+00 0.000000000000000000e+00 0.000000000000000000e+00 1.318179965019226074e+00 0.000000000000000000e+00 0.000000000000000000e+00 0.000000000000000000e+00 9.088310003280639648e-01
1.328279972076416016e+00 0.000000000000000000e+00 0.000000000000000000e+00 0.000000000000000000e+00 1.328279972076416016e+00 0.000000000000000000e+00 0.000000000000000000e+00 0.000000000000000000e+00 9.059780240058898926e-01
1.338379979133605957e+00 0.000000000000000000e+00 0.000000000000000000e+00 0.000000000000000000e+00 1.338379979133605957e+00 0.000000000000000000e+00 0.000000000000000000e+00 0.000000000000000000e+00 9.031299948692321777e-01
1.348479986190795898e+00 0.000000000000000000e+00 0.000000000000000000e+00 0.000000000000000000e+00 1.348479986190795898e+00 0.000000000000000000e+00 0.000000000000000000e+00 0.000000000000000000e+00 9.002879858016967773e-01
1.358590006828308105e+00 0.000000000000000000e+00 0.000000000000000000e+00 0.000000000000000000e+00 1.358590006828308105e+00 0.000000000000000000e+00 0.000000000000000000e+00 0.000000000000000000e+00 8.974509835243225098e-01
1.368690013885498047e+00 0.000000000000000000e+00 0.000000000000000000e+00 0.000000000000000000e+00 1.368690013885498047e+00 0.000000000000000000e+00 0.000000000000000000e+00 0.000000000000000000e+00 8.946200013160705566e-01
1.378790020942687988e+00 0.000000000000000000e+00 0.000000000000000000e+00 0.000000000000000000e+00 1.378790020942687988e+00 0.000000000000000000e+00 0.000000000000000000e+00 0.000000000000000000e+00 8.917949795722961426e-01
1.388890027999877930e+00 0.000000000000000000e+00 0.000000000000000000e+00 0.000000000000000000e+00 1.388890027999877930e+00 0.000000000000000000e+00 0.000000000000000000e+00 0.000000000000000000e+00 8.889759778976440430e-01
1.398990035057067871e+00 0.000000000000000000e+00 0.000000000000000000e+00 0.000000000000000000e+00 1.398990035057067871e+00 0.000000000000000000e+00 0.000000000000000000e+00 0.000000000000000000e+00 8.861629962921142578e-01
1.409090042114257812e+00 0.000000000000000000e+00 0.000000000000000000e+00 0.000000000000000000e+00 1.409090042114257812e+00 0.000000000000000000e+00 0.000000000000000000e+00 0.000000000000000000e+00 8.833569884300231934e-01
1.419190049171447754e+00 0.000000000000000000e+00 0.000000000000000000e+00 0.000000000000000000e+00 1.419190049171447754e+00 0.000000000000000000e+00 0.000000000000000000e+00 0.000000000000000000e+00 8.805570006370544434e-01
1.429290056228637695e+00 0.000000000000000000e+00 0.000000000000000000e+00 0.000000000000000000e+00 1.429290056228637695e+00 0.000000000000000000e+00 0.000000000000000000e+00 0.000000000000000000e+00 8.777639865875244141e-01
1.439389944076538086e+00 0.000000000000000000e+00 0.000000000000000000e+00 0.000000000000000000e+00 1.439389944076538086e+00 0.000000000000000000e+00 0.000000000000000000e+00 0.000000000000000000e+00 8.749780058860778809e-01
1.449489951133728027e+00 0.000000000000000000e+00 0.000000000000000000e+00 0.000000000000000000e+00 1.449489951133728027e+00 0.000000000000000000e+00 0.000000000000000000e+00 0.000000000000000000e+00 8.721989989280700684e-01
1.459599971771240234e+00 0.000000000000000000e+00 0.000000000000000000e+00 0.000000000000000000e+00 1.459599971771240234e+00 0.000000000000000000e+00 0.000000000000000000e+00 0.000000000000000000e+00 8.694270253181457520e-01
1.469699978828430176e+00 0.000000000000000000e+00 0.000000000000000000e+00 0.000000000000000000e+00 1.469699978828430176e+00 0.000000000000000000e+00 0.000000000000000000e+00 0.000000000000000000e+00 8.666620254516601562e-01
1.479799985885620117e+00 0.000000000000000000e+00 0.000000000000000000e+00 0.000000000000000000e+00 1.479799985885620117e+00 0.000000000000000000e+00 0.000000000000000000e+00 0.000000000000000000e+00 8.639050126075744629e-01
1.489899992942810059e+00 0.000000000000000000e+00 0.000000000000000000e+00 0.000000000000000000e+00 1.489899992942810059e+00 0.000000000000000000e+00 0.000000000000000000e+00 0.000000000000000000e+00 8.611559867858886719e-01
1.500000000000000000e+00 0.000000000000000000e+00 0.000000000000000000e+00 0.000000000000000000e+00 1.500000000000000000e+00 0.000000000000000000e+00 0.000000000000000000e+00 0.000000000000000000e+00 8.584139943122863770e-01
