-1.780681252479553223e+00 0.000000000000000000e+00 0.000000000000000000e+00 0.000000000000000000e+00 -1.780681252479553223e+00 0.000000000000000000e+00 0.000000000000000000e+00 0.000000000000000000e+00 3.965722396969795227e-03
-1.726324081420898438e+00 0.000000000000000000e+00 0.000000000000000000e+00 0.000000000000000000e+00 -1.726324081420898438e+00 0.000000000000000000e+00 0.000000000000000000e+00 0.000000000000000000e+00 2.248020842671394348e-03
-1.672716856002807617e+00 0.000000000000000000e+00 0.000000000000000000e+00 0.000000000000000000e+00 -1.672716856002807617e+00 0.000000000000000000e+00 0.000000000000000000e+00 0.000000000000000000e+00 9.470665827393531799e-04
-1.619959950447082520e+00 0.000000000000000000e+00 0.000000000000000000e+00 0.000000000000000000e+00 -1.619959950447082520e+00 0.000000000000000000e+00 0.000000000000000000e+00 0.000000000000000000e+00 1.575564965605735779e-05
-1.568142414093017578e+00 0.000000000000000000e+00 0.000000000000000000e+00 0.000000000000000000e+00 -1.568142414093017578e+00 0.000000000000000000e+00 0.000000000000000000e+00 0.000000000000000000e+00 -6.501162424683570862e-04
-1.517325997352600098e+00 0.000000000000000000e+00 0.000000000000000000e+00 0.000000000000000000e+00 -1.517325997352600098e+00 0.000000000000000000e+00 0.000000000000000000e+00 0.000000000000000000e+00 -1.068295910954475403e-03
-1.467561125755310059e+00 0.000000000000000000e+00 0.000000000000000000e+00 0.000000000000000000e+00 -1.467561125755310059e+00 0.000000000000000000e+00 0.000000000000000000e+00 0.000000000000000000e+00 -1.310998108237981796e-03
-1.418879508972167969e+00 0.000000000000000000e+00 0.000000000000000000e+00 0.000000000000000000e+00 -1.418879508972167969e+00 0.000000000000000000e+00 0.000000000000000000e+00 0.000000000000000000e+00 -1.424271147698163986e-03
-1.371299028396606445e+00 0.000000000000000000e+00 0.000000000000000000e+00 0.000000000000000000e+00 -1.371299028396606445e+00 0.000000000000000000e+00 0.000000000000000000e+00 0.000000000000000000e+00 -1.429245341569185257e-03
-1.324823498725891113e+00 0.000000000000000000e+00 0.000000000000000000e+00 0.000000000000000000e+00 -1.324823498725891113e+00 0.000000000000000000e+00 0.000000000000000000e+00 0.000000000000000000e+00 -1.379751833155751228e-03
-1.279446959495544434e+00 0.000000000000000000e+00 0.000000000000000000e+00 0.000000000000000000e+00 -1.279446959495544434e+00 0.000000000000000000e+00 0.000000000000000000e+00 0.000000000000000000e+00 -1.304536592215299606e-03
-1.235148787498474121e+00 0.000000000000000000e+00 0.000000000000000000e+00 0.000000000000000000e+00 -1.235148787498474121e+00 0.000000000000000000e+00 0.000000000000000000e+00 0.000000000000000000e+00 -1.206280430778861046e-03
-1.191903710365295410e+00 0.000000000000000000e+00 0.000000000000000000e+00 0.000000000000000000e+00 -1.191903710365295410e+00 0.000000000000000000e+00 0.000000000000000000e+00 0.000000000000000000e+00 -1.103295013308525085e-03
-1.149679183959960938e+00 0.000000000000000000e+00 0.000000000000000000e+00 0.000000000000000000e+00 -1.149679183959960938e+00 0.000000000000000000e+00 0.000000000000000000e+00 0.000000000000000000e+00 -1.008780673146247864e-03
-1.108439207077026367e+00 0.000000000000000000e+00 0.000000000000000000e+00 0.000000000000000000e+00 -1.108439207077026367e+00 0.000000000000000000e+00 0.000000000000000000e+00 0.000000000000000000e+00 -9.526761714369058609e-04
-1.068141579627990723e+00 0.000000000000000000e+00 0.000000000000000000e+00 0.000000000000000000e+00 -1.068141579627990723e+00 0.000000000000000000e+00 0.000000000000000000e+00 0.000000000000000000e+00 -9.216780308634042740e-04
-1.028743982315063477e+00 0.000000000000000000e+00 0.000000000000000000e+00 0.000000000000000000e+00 -1.028743982315063477e+00 0.000000000000000000e+00 0.000000000000000000e+00 0.000000000000000000e+00 -9.392608189955353737e-04
-9.901968240737915039e-01 0.000000000000000000e+00 0.000000000000000000e+00 0.000000000000000000e+00 -9.901968240737915039e-01 0.000000000000000000e+00 0.000000000000000000e+00 0.000000000000000000e+00 -9.646750986576080322e-04
-9.524563550949096680e-01 0.000000000000000000e+00 0.000000000000000000e+00 0.000000000000000000e+00 -9.524563550949096680e-01 0.000000000000000000e+00 0.000000000000000000e+00 0.000000000000000000e+00 -1.018247567117214203e-03
-9.154809713363647461e-01 0.000000000000000000e+00 0.000000000000000000e+00 0.000000000000000000e+00 -9.154809713363647461e-01 0.000000000000000000e+00 0.000000000000000000e+00 0.000000000000000000e+00 -1.118712709285318851e-03
-8.792207241058349609e-01 0.000000000000000000e+00 0.000000000000000000e+00 0.000000000000000000e+00 -8.792207241058349609e-01 0.000000000000000000e+00 0.000000000000000000e+00 0.000000000000000000e+00 -1.220677397213876247e-03
-8.436353206634521484e-01 0.000000000000000000e+00 0.000000000000000000e+00 0.000000000000000000e+00 -8.436353206634521484e-01 0.000000000000000000e+00 0.000000000000000000e+00 0.000000000000000000e+00 -1.340750604867935181e-03
-8.086842894554138184e-01 0.000000000000000000e+00 0.000000000000000000e+00 0.000000000000000000e+00 -8.086842894554138184e-01 0.000000000000000000e+00 0.000000000000000000e+00 0.000000000000000000e+00 -1.475250814110040665e-03
-7.743275165557861328e-01 0.000000000000000000e+00 0.000000000000000000e+00 0.000000000000000000e+00 -7.743275165557861328e-01 0.000000000000000000e+00 0.000000000000000000e+00 0.000000000000000000e+00 -1.618603244423866272e-03
-7.405270934104919434e-01 0.000000000000000000e+00 0.000000000000000000e+00 0.000000000000000000e+00 -7.405270934104919434e-01 0.000000000000000000e+00 0.000000000000000000e+00 0.000000000000000000e+00 -1.746365567669272423e-03
-7.072532176971435547e-01 0.000000000000000000e+00 0.000000000000000000e+00 0.000000000000000000e+00 -7.072532176971435547e-01 0.000000000000000000e+00 0.000000000000000000e+00 0.000000000000000000e+00 -1.875775866210460663e-03
-6.744724512100219727e-01 0.000000000000000000e+00 0.000000000000000000e+00 0.000000000000000000e+00 -6.744724512100219727e-01 0.000000000000000000e+00 0.000000000000000000e+00 0.000000000000000000e+00 -2.003021538257598877e-03
-6.421546339988708496e-01 0.000000000000000000e+00 0.000000000000000000e+00 0.000000000000000000e+00 -6.421546339988708496e-01 0.000000000000000000e+00 0.000000000000000000e+00 0.000000000000000000e+00 -2.104563638567924500e-03
-6.102745532989501953e-01 0.000000000000000000e+00 0.000000000000000000e+00 0.000000000000000000e+00 -6.102745532989501953e-01 0.000000000000000000e+00 0.000000000000000000e+00 0.000000000000000000e+00 -2.197771565988659859e-03
-5.788066983222961426e-01 0.000000000000000000e+00 0.000000000000000000e+00 0.000000000000000000e+00 -5.788066983222961426e-01 0.000000000000000000e+00 0.000000000000000000e+00 0.000000000000000000e+00 -2.260929672047495842e-03
-5.477277040481567383e-01 0.000000000000000000e+00 0.000000000000000000e+00 0.000000000000000000e+00 -5.477277040481567383e-01 0.000000000000000000e+00 0.000000000000000000e+00 0.000000000000000000e+00 -2.292440738528966904e-03
-5.170209407806396484e-01 0.000000000000000000e+00 0.000000000000000000e+00 0.000000000000000000e+00 -5.170209407806396484e-01 0.000000000000000000e+00 0.000000000000000000e+00 0.000000000000000000e+00 -2.313670469447970390e-03
-4.866654276847839355e-01 0.000000000000000000e+00 0.000000000000000000e+00 0.000000000000000000e+00 -4.866654276847839355e-01 0.000000000000000000e+00 0.000000000000000000e+00 0.000000000000000000e+00 -2.303437562659382820e-03
-4.566423594951629639e-01 0.000000000000000000e+00 0.000000000000000000e+00 0.000000000000000000e+00 -4.566423594951629639e-01 0.000000000000000000e+00 0.000000000000000000e+00 0.000000000000000000e+00 -2.260774606838822365e-03
-4.269421100616455078e-01 0.000000000000000000e+00 0.000000000000000000e+00 0.000000000000000000e+00 -4.269421100616455078e-01 0.000000000000000000e+00 0.000000000000000000e+00 0.000000000000000000e+00 -2.210515784099698067e-03
-3.975439667701721191e-01 0.000000000000000000e+00 0.000000000000000000e+00 0.000000000000000000e+00 -3.975439667701721191e-01 0.000000000000000000e+00 0.000000000000000000e+00 0.000000000000000000e+00 -2.110858447849750519e-03
-3.684417605400085449e-01 0.000000000000000000e+00 0.000000000000000000e+00 0.000000000000000000e+00 -3.684417605400085449e-01 0.000000000000000000e+00 0.000000000000000000e+00 0.000000000000000000e+00 -2.007458824664354324e-03
-3.396158814430236816e-01 0.000000000000000000e+00 0.000000000000000000e+00 0.000000000000000000e+00 -3.396158814430236816e-01 0.000000000000000000e+00 0.000000000000000000e+00 0.000000000000000000e+00 -1.857870258390903473e-03
-3.110633492469787598e-01 0.000000000000000000e+00 0.000000000000000000e+00 0.000000000000000000e+00 -3.110633492469787598e-01 0.000000000000000000e+00 0.000000000000000000e+00 0.000000000000000000e+00 -1.710184616968035698e-03
-2.827677130699157715e-01 0.000000000000000000e+00 0.000000000000000000e+00 0.000000000000000000e+00 -2.827677130699157715e-01 0.000000000000000000e+00 0.000000000000000000e+00 0.000000000000000000e+00 -1.523680984973907471e-03
-2.547238171100616455e-01 0.000000000000000000e+00 0.000000000000000000e+00 0.000000000000000000e+00 -2.547238171100616455e-01 0.000000000000000000e+00 0.000000000000000000e+00 0.000000000000000000e+00 -1.343634328804910183e-03
-2.269191443920135498e-01 0.000000000000000000e+00 0.000000000000000000e+00 0.000000000000000000e+00 -2.269191443920135498e-01 0.000000000000000000e+00 0.000000000000000000e+00 0.000000000000000000e+00 -1.131516299210488796e-03
-1.993465721607208252e-01 0.000000000000000000e+00 0.000000000000000000e+00 0.000000000000000000e+00 -1.993465721607208252e-01 0.000000000000000000e+00 0.000000000000000000e+00 0.000000000000000000e+00 -9.115348220802843571e-04
-1.719986498355865479e-01 0.000000000000000000e+00 0.000000000000000000e+00 0.000000000000000000e+00 -1.719986498355865479e-01 0.000000000000000000e+00 0.000000000000000000e+00 0.000000000000000000e+00 -6.882406887598335743e-04
-1.448637396097183228e-01 0.000000000000000000e+00 0.000000000000000000e+00 0.000000000000000000e+00 -1.448637396097183228e-01 0.000000000000000000e+00 0.000000000000000000e+00 0.000000000000000000e+00 -4.411652043927460909e-04
-1.179372221231460571e-01 0.000000000000000000e+00 0.000000000000000000e+00 0.000000000000000000e+00 -1.179372221231460571e-01 0.000000000000000000e+00 0.000000000000000000e+00 0.000000000000000000e+00 -1.968254946405068040e-04
-9.121087193489074707e-02 0.000000000000000000e+00 0.000000000000000000e+00 0.000000000000000000e+00 -9.121087193489074707e-02 0.000000000000000000e+00 0.000000000000000000e+00 0.000000000000000000e+00 4.256900137988850474e-05
-6.467615813016891479e-02 0.000000000000000000e+00 0.000000000000000000e+00 0.000000000000000000e+00 -6.467615813016891479e-02 0.000000000000000000e+00 0.000000000000000000e+00 0.000000000000000000e+00 2.945862361229956150e-04
-3.832395374774932861e-02 0.000000000000000000e+00 0.000000000000000000e+00 0.000000000000000000e+00 -3.832395374774932861e-02 0.000000000000000000e+00 0.000000000000000000e+00 0.000000000000000000e+00 5.575894610956311226e-04
-1.215172093361616135e-02 0.000000000000000000e+00 0.000000000000000000e+00 0.000000000000000000e+00 -1.215172093361616135e-02 0.000000000000000000e+00 0.000000000000000000e+00 0.000000000000000000e+00 7.852289709262549877e-04
1.385271828621625900e-02 0.000000000000000000e+00 0.000000000000000000e+00 0.000000000000000000e+00 1.385271828621625900e-02 0.000000000000000000e+00 0.000000000000000000e+00 0.000000000000000000e+00 1.035335240885615349e-03
3.969163447618484497e-02 0.000000000000000000e+00 0.000000000000000000e+00 0.000000000000000000e+00 3.969163447618484497e-02 0.000000000000000000e+00 0.000000000000000000e+00 0.000000000000000000e+00 1.270124339498579502e-03
6.537611037492752075e-02 0.000000000000000000e+00 0.000000000000000000e+00 0.000000000000000000e+00 6.537611037492752075e-02 0.000000000000000000e+00 0.000000000000000000e+00 0.000000000000000000e+00 1.497462042607367039e-03
9.091326594352722168e-02 0.000000000000000000e+00 0.000000000000000000e+00 0.000000000000000000e+00 9.091326594352722168e-02 0.000000000000000000e+00 0.000000000000000000e+00 0.000000000000000000e+00 1.719484804198145866e-03
1.163096427917480469e-01 0.000000000000000000e+00 0.000000000000000000e+00 0.000000000000000000e+00 1.163096427917480469e-01 0.000000000000000000e+00 0.000000000000000000e+00 0.000000000000000000e+00 1.929143909364938736e-03
1.415992826223373413e-01 0.000000000000000000e+00 0.000000000000000000e+00 0.000000000000000000e+00 1.415992826223373413e-01 0.000000000000000000e+00 0.000000000000000000e+00 0.000000000000000000e+00 2.137148752808570862e-03
1.667377948760986328e-01 0.000000000000000000e+00 0.000000000000000000e+00 0.000000000000000000e+00 1.667377948760986328e-01 0.000000000000000000e+00 0.000000000000000000e+00 0.000000000000000000e+00 2.328210743144154549e-03
1.917581409215927124e-01 0.000000000000000000e+00 0.000000000000000000e+00 0.000000000000000000e+00 1.917581409215927124e-01 0.000000000000000000e+00 0.000000000000000000e+00 0.000000000000000000e+00 2.508140634745359421e-03
2.166670411825180054e-01 0.000000000000000000e+00 0.000000000000000000e+00 0.000000000000000000e+00 2.166670411825180054e-01 0.000000000000000000e+00 0.000000000000000000e+00 0.000000000000000000e+00 2.676783129572868347e-03
2.414720654487609863e-01 0.000000000000000000e+00 0.000000000000000000e+00 0.000000000000000000e+00 2.414720654487609863e-01 0.000000000000000000e+00 0.000000000000000000e+00 0.000000000000000000e+00 2.831594087183475494e-03
2.661811113357543945e-01 0.000000000000000000e+00 0.000000000000000000e+00 0.000000000000000000e+00 2.661811113357543945e-01 0.000000000000000000e+00 0.000000000000000000e+00 0.000000000000000000e+00 2.976821037009358406e-03
2.908001840114593506e-01 0.000000000000000000e+00 0.000000000000000000e+00 0.000000000000000000e+00 2.908001840114593506e-01 0.000000000000000000e+00 0.000000000000000000e+00 0.000000000000000000e+00 3.110508667305111885e-03
3.153373003005981445e-01 0.000000000000000000e+00 0.000000000000000000e+00 0.000000000000000000e+00 3.153373003005981445e-01 0.000000000000000000e+00 0.000000000000000000e+00 0.000000000000000000e+00 3.230816917493939400e-03
3.397986590862274170e-01 0.000000000000000000e+00 0.000000000000000000e+00 0.000000000000000000e+00 3.397986590862274170e-01 0.000000000000000000e+00 0.000000000000000000e+00 0.000000000000000000e+00 3.340792143717408180e-03
3.641924262046813965e-01 0.000000000000000000e+00 0.000000000000000000e+00 0.000000000000000000e+00 3.641924262046813965e-01 0.000000000000000000e+00 0.000000000000000000e+00 0.000000000000000000e+00 3.440853906795382500e-03
3.885490894317626953e-01 0.000000000000000000e+00 0.000000000000000000e+00 0.000000000000000000e+00 3.885490894317626953e-01 0.000000000000000000e+00 0.000000000000000000e+00 0.000000000000000000e+00 3.534053917974233627e-03
4.128260016441345215e-01 0.000000000000000000e+00 0.000000000000000000e+00 0.000000000000000000e+00 4.128260016441345215e-01 0.000000000000000000e+00 0.000000000000000000e+00 0.000000000000000000e+00 3.608862170949578285e-03
4.370544850826263428e-01 0.000000000000000000e+00 0.000000000000000000e+00 0.000000000000000000e+00 4.370544850826263428e-01 0.000000000000000000e+00 0.000000000000000000e+00 0.000000000000000000e+00 3.673451952636241913e-03
4.612423777580261230e-01 0.000000000000000000e+00 0.000000000000000000e+00 0.000000000000000000e+00 4.612423777580261230e-01 0.000000000000000000e+00 0.000000000000000000e+00 0.000000000000000000e+00 3.728590672835707664e-03
4.853935837745666504e-01 0.000000000000000000e+00 0.000000000000000000e+00 0.000000000000000000e+00 4.853935837745666504e-01 0.000000000000000000e+00 0.000000000000000000e+00 0.000000000000000000e+00 3.769083414226770401e-03
5.095170140266418457e-01 0.000000000000000000e+00 0.000000000000000000e+00 0.000000000000000000e+00 5.095170140266418457e-01 0.000000000000000000e+00 0.000000000000000000e+00 0.000000000000000000e+00 3.801179584115743637e-03
5.336166620254516602e-01 0.000000000000000000e+00 0.000000000000000000e+00 0.000000000000000000e+00 5.336166620254516602e-01 0.000000000000000000e+00 0.000000000000000000e+00 0.000000000000000000e+00 3.820276353508234024e-03
5.577003955841064453e-01 0.000000000000000000e+00 0.000000000000000000e+00 0.000000000000000000e+00 5.577003955841064453e-01 0.000000000000000000e+00 0.000000000000000000e+00 0.000000000000000000e+00 3.832263173535466194e-03
5.817734003067016602e-01 0.000000000000000000e+00 0.000000000000000000e+00 0.000000000000000000e+00 5.817734003067016602e-01 0.000000000000000000e+00 0.000000000000000000e+00 0.000000000000000000e+00 3.830386092886328697e-03
6.058407425880432129e-01 0.000000000000000000e+00 0.000000000000000000e+00 0.000000000000000000e+00 6.058407425880432129e-01 0.000000000000000000e+00 0.000000000000000000e+00 0.000000000000000000e+00 3.815882373601198196e-03
6.299337744712829590e-01 0.000000000000000000e+00 0.000000000000000000e+00 0.000000000000000000e+00 6.299337744712829590e-01 0.000000000000000000e+00 0.000000000000000000e+00 0.000000000000000000e+00 3.798601217567920685e-03
6.540082097053527832e-01 0.000000000000000000e+00 0.000000000000000000e+00 0.000000000000000000e+00 6.540082097053527832e-01 0.000000000000000000e+00 0.000000000000000000e+00 0.000000000000000000e+00 3.762667765840888023e-03
6.780936717987060547e-01 0.000000000000000000e+00 0.000000000000000000e+00 0.000000000000000000e+00 6.780936717987060547e-01 0.000000000000000000e+00 0.000000000000000000e+00 0.000000000000000000e+00 3.713634097948670387e-03
7.021950483322143555e-01 0.000000000000000000e+00 0.000000000000000000e+00 0.000000000000000000e+00 7.021950483322143555e-01 0.000000000000000000e+00 0.000000000000000000e+00 0.000000000000000000e+00 3.649869468063116074e-03
7.263179421424865723e-01 0.000000000000000000e+00 0.000000000000000000e+00 0.000000000000000000e+00 7.263179421424865723e-01 0.000000000000000000e+00 0.000000000000000000e+00 0.000000000000000000e+00 3.571173409000039101e-03
7.504672408103942871e-01 0.000000000000000000e+00 0.000000000000000000e+00 0.000000000000000000e+00 7.504672408103942871e-01 0.000000000000000000e+00 0.000000000000000000e+00 0.000000000000000000e+00 3.478299826383590698e-03
7.746472954750061035e-01 0.000000000000000000e+00 0.000000000000000000e+00 0.000000000000000000e+00 7.746472954750061035e-01 0.000000000000000000e+00 0.000000000000000000e+00 0.000000000000000000e+00 3.369138808920979500e-03
7.988623976707458496e-01 0.000000000000000000e+00 0.000000000000000000e+00 0.000000000000000000e+00 7.988623976707458496e-01 0.000000000000000000e+00 0.000000000000000000e+00 0.000000000000000000e+00 3.242295002564787865e-03
8.231164813041687012e-01 0.000000000000000000e+00 0.000000000000000000e+00 0.000000000000000000e+00 8.231164813041687012e-01 0.000000000000000000e+00 0.000000000000000000e+00 0.000000000000000000e+00 3.095417981967329979e-03
8.474145531654357910e-01 0.000000000000000000e+00 0.000000000000000000e+00 0.000000000000000000e+00 8.474145531654357910e-01 0.000000000000000000e+00 0.000000000000000000e+00 0.000000000000000000e+00 2.929617185145616531e-03
8.717850446701049805e-01 0.000000000000000000e+00 0.000000000000000000e+00 0.000000000000000000e+00 8.717850446701049805e-01 0.000000000000000000e+00 0.000000000000000000e+00 0.000000000000000000e+00 2.748077735304832458e-03
8.961822390556335449e-01 0.000000000000000000e+00 0.000000000000000000e+00 0.000000000000000000e+00 8.961822390556335449e-01 0.000000000000000000e+00 0.000000000000000000e+00 0.000000000000000000e+00 2.535706385970115662e-03
9.206332564353942871e-01 0.000000000000000000e+00 0.000000000000000000e+00 0.000000000000000000e+00 9.206332564353942871e-01 0.000000000000000000e+00 0.000000000000000000e+00 0.000000000000000000e+00 2.296640770509839058e-03
9.451420903205871582e-01 0.000000000000000000e+00 0.000000000000000000e+00 0.000000000000000000e+00 9.451420903205871582e-01 0.000000000000000000e+00 0.000000000000000000e+00 0.000000000000000000e+00 2.028408460319042206e-03
9.697130322456359863e-01 0.000000000000000000e+00 0.000000000000000000e+00 0.000000000000000000e+00 9.697130322456359863e-01 0.000000000000000000e+00 0.000000000000000000e+00 0.000000000000000000e+00 1.729968236759305000e-03
9.943473339080810547e-01 0.000000000000000000e+00 0.000000000000000000e+00 0.000000000000000000e+00 9.943473339080810547e-01 0.000000000000000000e+00 0.000000000000000000e+00 0.000000000000000000e+00 1.399089349433779716e-03
1.019049286842346191e+00 0.000000000000000000e+00 0.000000000000000000e+00 0.000000000000000000e+00 1.019049286842346191e+00 0.000000000000000000e+00 0.000000000000000000e+00 0.000000000000000000e+00 1.031743595376610756e-03
1.043820858001708984e+00 0.000000000000000000e+00 0.000000000000000000e+00 0.000000000000000000e+00 1.043820858001708984e+00 0.000000000000000000e+00 0.000000000000000000e+00 0.000000000000000000e+00 6.267725257202982903e-04
1.068664669990539551e+00 0.000000000000000000e+00 0.000000000000000000e+00 0.000000000000000000e+00 1.068664669990539551e+00 0.000000000000000000e+00 0.000000000000000000e+00 0.000000000000000000e+00 1.818217569962143898e-04
1.093583226203918457e+00 0.000000000000000000e+00 0.000000000000000000e+00 0.000000000000000000e+00 1.093583226203918457e+00 0.000000000000000000e+00 0.000000000000000000e+00 0.000000000000000000e+00 -3.077278379350900650e-04
1.118604540824890137e+00 0.000000000000000000e+00 0.000000000000000000e+00 0.000000000000000000e+00 1.118604540824890137e+00 0.000000000000000000e+00 0.000000000000000000e+00 0.000000000000000000e+00 -8.365203393623232841e-04
1.143678426742553711e+00 0.000000000000000000e+00 0.000000000000000000e+00 0.000000000000000000e+00 1.143678426742553711e+00 0.000000000000000000e+00 0.000000000000000000e+00 0.000000000000000000e+00 -1.424718415364623070e-03
1.168833971023559570e+00 0.000000000000000000e+00 0.000000000000000000e+00 0.000000000000000000e+00 1.168833971023559570e+00 0.000000000000000000e+00 0.000000000000000000e+00 0.000000000000000000e+00 -2.063744468614459038e-03
1.194071412086486816e+00 0.000000000000000000e+00 0.000000000000000000e+00 0.000000000000000000e+00 1.194071412086486816e+00 0.000000000000000000e+00 0.000000000000000000e+00 0.000000000000000000e+00 -2.758339513093233109e-03
1.219393253326416016e+00 0.000000000000000000e+00 0.000000000000000000e+00 0.000000000000000000e+00 1.219393253326416016e+00 0.000000000000000000e+00 0.000000000000000000e+00 0.000000000000000000e+00 -3.514800686389207840e-03
