9.012222290039062500e-04 -5.001646876335144043e-01 0.000000000000000000e+00 -4.997141063213348389e-01 9.012222290039062500e-04 0.000000000000000000e+00 0.000000000000000000e+00 0.000000000000000000e+00 3.982186317443847656e-02
9.388923645019531250e-04 -4.899323582649230957e-01 0.000000000000000000e+00 -4.894723594188690186e-01 9.388923645019531250e-04 0.000000000000000000e+00 0.000000000000000000e+00 0.000000000000000000e+00 3.829288482666015625e-02
9.750127792358398438e-04 -4.797061085700988770e-01 0.000000000000000000e+00 -4.792381525039672852e-01 9.751319885253906250e-04 0.000000000000000000e+00 0.000000000000000000e+00 0.000000000000000000e+00 3.679490089416503906e-02
1.007556915283203125e-03 -4.694857001304626465e-01 0.000000000000000000e+00 -4.690124988555908203e-01 1.007437705993652344e-03 0.000000000000000000e+00 0.000000000000000000e+00 0.000000000000000000e+00 3.532588481903076172e-02
1.036405563354492188e-03 -4.592713713645935059e-01 0.000000000000000000e+00 -4.587950110435485840e-01 1.036405563354492188e-03 0.000000000000000000e+00 0.000000000000000000e+00 0.000000000000000000e+00 3.388595581054687500e-02
1.061916351318359375e-03 -4.490630626678466797e-01 0.000000000000000000e+00 -4.485856890678405762e-01 1.062035560607910156e-03 0.000000000000000000e+00 0.000000000000000000e+00 0.000000000000000000e+00 3.247523307800292969e-02
1.085638999938964844e-03 -4.388607740402221680e-01 0.000000000000000000e+00 -4.383838176727294922e-01 1.085519790649414062e-03 0.000000000000000000e+00 0.000000000000000000e+00 0.000000000000000000e+00 3.109490871429443359e-02
1.103639602661132812e-03 -4.286645054817199707e-01 0.000000000000000000e+00 -4.281907081604003906e-01 1.103639602661132812e-03 0.000000000000000000e+00 0.000000000000000000e+00 0.000000000000000000e+00 2.974176406860351562e-02
1.120924949645996094e-03 -4.184742569923400879e-01 0.000000000000000000e+00 -4.180044233798980713e-01 1.120924949645996094e-03 0.000000000000000000e+00 0.000000000000000000e+00 0.000000000000000000e+00 2.842020988464355469e-02
1.136183738708496094e-03 -4.082900881767272949e-01 0.000000000000000000e+00 -4.078252911567687988e-01 1.136183738708496094e-03 0.000000000000000000e+00 0.000000000000000000e+00 0.000000000000000000e+00 2.712929248809814453e-02
1.147866249084472656e-03 -3.981119990348815918e-01 0.000000000000000000e+00 -3.976540565490722656e-01 1.147866249084472656e-03 0.000000000000000000e+00 0.000000000000000000e+00 0.000000000000000000e+00 2.586698532104492188e-02
1.157641410827636719e-03 -3.879398405551910400e-01 0.000000000000000000e+00 -3.874896764755249023e-01 1.157641410827636719e-03 0.000000000000000000e+00 0.000000000000000000e+00 0.000000000000000000e+00 2.463519573211669922e-02
1.164674758911132812e-03 -3.777736425399780273e-01 0.000000000000000000e+00 -3.773325085639953613e-01 1.164674758911132812e-03 0.000000000000000000e+00 0.000000000000000000e+00 0.000000000000000000e+00 2.343297004699707031e-02
1.168966293334960938e-03 -3.676134645938873291e-01 0.000000000000000000e+00 -3.671824336051940918e-01 1.169085502624511719e-03 0.000000000000000000e+00 0.000000000000000000e+00 0.000000000000000000e+00 2.226066589355468750e-02
1.171350479125976562e-03 -3.574592471122741699e-01 0.000000000000000000e+00 -3.570392131805419922e-01 1.171350479125976562e-03 0.000000000000000000e+00 0.000000000000000000e+00 0.000000000000000000e+00 2.111828327178955078e-02
1.172661781311035156e-03 -3.473109006881713867e-01 0.000000000000000000e+00 -3.469022512435913086e-01 1.172661781311035156e-03 0.000000000000000000e+00 0.000000000000000000e+00 0.000000000000000000e+00 2.000725269317626953e-02
1.170635223388671875e-03 -3.371684253215789795e-01 0.000000000000000000e+00 -3.367723226547241211e-01 1.170635223388671875e-03 0.000000000000000000e+00 0.000000000000000000e+00 0.000000000000000000e+00 1.892518997192382812e-02
1.168489456176757812e-03 -3.270317316055297852e-01 0.000000000000000000e+00 -3.266480863094329834e-01 1.168608665466308594e-03 0.000000000000000000e+00 0.000000000000000000e+00 0.000000000000000000e+00 1.787519454956054688e-02
1.163482666015625000e-03 -3.169007301330566406e-01 0.000000000000000000e+00 -3.165305554866790771e-01 1.163482666015625000e-03 0.000000000000000000e+00 0.000000000000000000e+00 0.000000000000000000e+00 1.685440540313720703e-02
1.157999038696289062e-03 -3.067755103111267090e-01 0.000000000000000000e+00 -3.064187169075012207e-01 1.158118247985839844e-03 0.000000000000000000e+00 0.000000000000000000e+00 0.000000000000000000e+00 1.586544513702392578e-02
1.151680946350097656e-03 -2.966558337211608887e-01 0.000000000000000000e+00 -2.963126301765441895e-01 1.151680946350097656e-03 0.000000000000000000e+00 0.000000000000000000e+00 0.000000000000000000e+00 1.490747928619384766e-02
1.143574714660644531e-03 -2.865416705608367920e-01 0.000000000000000000e+00 -2.862124443054199219e-01 1.143574714660644531e-03 0.000000000000000000e+00 0.000000000000000000e+00 0.000000000000000000e+00 1.397991180419921875e-02
1.134514808654785156e-03 -2.764329910278320312e-01 0.000000000000000000e+00 -2.761178314685821533e-01 1.134514808654785156e-03 0.000000000000000000e+00 0.000000000000000000e+00 0.000000000000000000e+00 1.308345794677734375e-02
1.123309135437011719e-03 -2.663295865058898926e-01 0.000000000000000000e+00 -2.660289108753204346e-01 1.123309135437011719e-03 0.000000000000000000e+00 0.000000000000000000e+00 0.000000000000000000e+00 1.221680641174316406e-02
1.112341880798339844e-03 -2.562313973903656006e-01 0.000000000000000000e+00 -2.559449076652526855e-01 1.112341880798339844e-03 0.000000000000000000e+00 0.000000000000000000e+00 0.000000000000000000e+00 1.138246059417724609e-02
1.100420951843261719e-03 -2.461383342742919922e-01 0.000000000000000000e+00 -2.458660304546356201e-01 1.100301742553710938e-03 0.000000000000000000e+00 0.000000000000000000e+00 0.000000000000000000e+00 1.057910919189453125e-02
1.087546348571777344e-03 -2.360502779483795166e-01 0.000000000000000000e+00 -2.357920706272125244e-01 1.087665557861328125e-03 0.000000000000000000e+00 0.000000000000000000e+00 0.000000000000000000e+00 9.806632995605468750e-03
1.074433326721191406e-03 -2.259670794010162354e-01 0.000000000000000000e+00 -2.257228791713714600e-01 1.074433326721191406e-03 0.000000000000000000e+00 0.000000000000000000e+00 0.000000000000000000e+00 9.065866470336914062e-03
1.061439514160156250e-03 -2.158885598182678223e-01 0.000000000000000000e+00 -2.156580686569213867e-01 1.061439514160156250e-03 0.000000000000000000e+00 0.000000000000000000e+00 0.000000000000000000e+00 8.357167243957519531e-03
1.048803329467773438e-03 -2.058147192001342773e-01 0.000000000000000000e+00 -2.055975347757339478e-01 1.048803329467773438e-03 0.000000000000000000e+00 0.000000000000000000e+00 0.000000000000000000e+00 7.680535316467285156e-03
1.034140586853027344e-03 -1.957451999187469482e-01 0.000000000000000000e+00 -1.955415010452270508e-01 1.034140586853027344e-03 0.000000000000000000e+00 0.000000000000000000e+00 0.000000000000000000e+00 7.033705711364746094e-03
1.021742820739746094e-03 -1.856799721717834473e-01 0.000000000000000000e+00 -1.854890286922454834e-01 1.021742820739746094e-03 0.000000000000000000e+00 0.000000000000000000e+00 0.000000000000000000e+00 6.420969963073730469e-03
1.006841659545898438e-03 -1.756188422441482544e-01 0.000000000000000000e+00 -1.754408627748489380e-01 1.006841659545898438e-03 0.000000000000000000e+00 0.000000000000000000e+00 0.000000000000000000e+00 5.837440490722656250e-03
9.937286376953125000e-04 -1.655616611242294312e-01 0.000000000000000000e+00 -1.653960198163986206e-01 9.937286376953125000e-04 0.000000000000000000e+00 0.000000000000000000e+00 0.000000000000000000e+00 5.287408828735351562e-03
9.797811508178710938e-04 -1.555081605911254883e-01 0.000000000000000000e+00 -1.553547531366348267e-01 9.797811508178710938e-04 0.000000000000000000e+00 0.000000000000000000e+00 0.000000000000000000e+00 4.768371582031250000e-03
9.673833847045898438e-04 -1.454582512378692627e-01 0.000000000000000000e+00 -1.453165411949157715e-01 9.675025939941406250e-04 0.000000000000000000e+00 0.000000000000000000e+00 0.000000000000000000e+00 4.282474517822265625e-03
9.552240371704101562e-04 -1.354116499423980713e-01 0.000000000000000000e+00 -1.352814137935638428e-01 9.551048278808593750e-04 0.000000000000000000e+00 0.000000000000000000e+00 0.000000000000000000e+00 3.828525543212890625e-03
9.444952011108398438e-04 -1.253682374954223633e-01 0.000000000000000000e+00 -1.252489835023880005e-01 9.444952011108398438e-04 0.000000000000000000e+00 0.000000000000000000e+00 0.000000000000000000e+00 3.407597541809082031e-03
9.324550628662109375e-04 -1.153277605772018433e-01 0.000000000000000000e+00 -1.152194291353225708e-01 9.325742721557617188e-04 0.000000000000000000e+00 0.000000000000000000e+00 0.000000000000000000e+00 3.017067909240722656e-03
9.218454360961914062e-04 -1.052899807691574097e-01 0.000000000000000000e+00 -1.051922142505645752e-01 9.218454360961914062e-04 0.000000000000000000e+00 0.000000000000000000e+00 0.000000000000000000e+00 2.659440040588378906e-03
9.125471115112304688e-04 -9.525431692600250244e-02 0.000000000000000000e+00 -9.516674280166625977e-02 9.125471115112304688e-04 0.000000000000000000e+00 0.000000000000000000e+00 0.000000000000000000e+00 2.334833145141601562e-03
9.031295776367187500e-04 -8.522134274244308472e-02 0.000000000000000000e+00 -8.514380455017089844e-02 9.031295776367187500e-04 0.000000000000000000e+00 0.000000000000000000e+00 0.000000000000000000e+00 2.041697502136230469e-03
8.953809738159179688e-04 -7.519043982028961182e-02 0.000000000000000000e+00 -7.512261718511581421e-02 8.952617645263671875e-04 0.000000000000000000e+00 0.000000000000000000e+00 0.000000000000000000e+00 1.781702041625976562e-03
8.879899978637695312e-04 -6.516133993864059448e-02 0.000000000000000000e+00 -6.510303914546966553e-02 8.879899978637695312e-04 0.000000000000000000e+00 0.000000000000000000e+00 0.000000000000000000e+00 1.553654670715332031e-03
8.826255798339843750e-04 -5.513381958007812500e-02 0.000000000000000000e+00 -5.508478730916976929e-02 8.826255798339843750e-04 0.000000000000000000e+00 0.000000000000000000e+00 0.000000000000000000e+00 1.359224319458007812e-03
8.763074874877929688e-04 -4.510755836963653564e-02 0.000000000000000000e+00 -4.506773501634597778e-02 8.761882781982421875e-04 0.000000000000000000e+00 0.000000000000000000e+00 0.000000000000000000e+00 1.195311546325683594e-03
8.726119995117187500e-04 -3.508250415325164795e-02 0.000000000000000000e+00 -3.505165502429008484e-02 8.726119995117187500e-04 0.000000000000000000e+00 0.000000000000000000e+00 0.000000000000000000e+00 1.065611839294433594e-03
8.693933486938476562e-04 -2.505831420421600342e-02 0.000000000000000000e+00 -2.503635920584201813e-02 8.693933486938476562e-04 0.000000000000000000e+00 0.000000000000000000e+00 0.000000000000000000e+00 9.678602218627929688e-04
8.667707443237304688e-04 -1.503473892807960510e-02 0.000000000000000000e+00 -1.502160727977752686e-02 8.666515350341796875e-04 0.000000000000000000e+00 0.000000000000000000e+00 0.000000000000000000e+00 9.021759033203125000e-04
8.651018142700195312e-04 -5.011549219489097595e-03 0.000000000000000000e+00 -5.007180385291576385e-03 8.651018142700195312e-04 0.000000000000000000e+00 0.000000000000000000e+00 0.000000000000000000e+00 8.689165115356445312e-04
8.651018142700195312e-04 5.011549219489097595e-03 0.000000000000000000e+00 5.007180385291576385e-03 8.651018142700195312e-04 0.000000000000000000e+00 0.000000000000000000e+00 0.000000000000000000e+00 8.689165115356445312e-04
8.667707443237304688e-04 1.503473892807960510e-02 0.000000000000000000e+00 1.502160727977752686e-02 8.666515350341796875e-04 0.000000000000000000e+00 0.000000000000000000e+00 0.000000000000000000e+00 9.021759033203125000e-04
8.693933486938476562e-04 2.505831420421600342e-02 0.000000000000000000e+00 2.503635920584201813e-02 8.693933486938476562e-04 0.000000000000000000e+00 0.000000000000000000e+00 0.000000000000000000e+00 9.678602218627929688e-04
8.726119995117187500e-04 3.508250415325164795e-02 0.000000000000000000e+00 3.505165502429008484e-02 8.726119995117187500e-04 0.000000000000000000e+00 0.000000000000000000e+00 0.000000000000000000e+00 1.065611839294433594e-03
8.763074874877929688e-04 4.510755836963653564e-02 0.000000000000000000e+00 4.506773501634597778e-02 8.761882781982421875e-04 0.000000000000000000e+00 0.000000000000000000e+00 0.000000000000000000e+00 1.195311546325683594e-03
8.826255798339843750e-04 5.513381958007812500e-02 0.000000000000000000e+00 5.508478730916976929e-02 8.826255798339843750e-04 0.000000000000000000e+00 0.000000000000000000e+00 0.000000000000000000e+00 1.359224319458007812e-03
8.879899978637695312e-04 6.516133993864059448e-02 0.000000000000000000e+00 6.510303914546966553e-02 8.879899978637695312e-04 0.000000000000000000e+00 0.000000000000000000e+00 0.000000000000000000e+00 1.553654670715332031e-03
8.953809738159179688e-04 7.519043982028961182e-02 0.000000000000000000e+00 7.512261718511581421e-02 8.952617645263671875e-04 0.000000000000000000e+00 0.000000000000000000e+00 0.000000000000000000e+00 1.781702041625976562e-03
9.031295776367187500e-04 8.522134274244308472e-02 0.000000000000000000e+00 8.514380455017089844e-02 9.031295776367187500e-04 0.000000000000000000e+00 0.000000000000000000e+00 0.000000000000000000e+00 2.041697502136230469e-03
9.125471115112304688e-04 9.525431692600250244e-02 0.000000000000000000e+00 9.516674280166625977e-02 9.125471115112304688e-04 0.000000000000000000e+00 0.000000000000000000e+00 0.000000000000000000e+00 2.334833145141601562e-03
9.218454360961914062e-04 1.052899807691574097e-01 0.000000000000000000e+00 1.051922142505645752e-01 9.218454360961914062e-04 0.000000000000000000e+00 0.000000000000000000e+00 0.000000000000000000e+00 2.659440040588378906e-03
9.324550628662109375e-04 1.153277605772018433e-01 0.000000000000000000e+00 1.152194291353225708e-01 9.325742721557617188e-04 0.000000000000000000e+00 0.000000000000000000e+00 0.000000000000000000e+00 3.017067909240722656e-03
9.444952011108398438e-04 1.253682374954223633e-01 0.000000000000000000e+00 1.252489835023880005e-01 9.444952011108398438e-04 0.000000000000000000e+00 0.000000000000000000e+00 0.000000000000000000e+00 3.407597541809082031e-03
9.552240371704101562e-04 1.354116499423980713e-01 0.000000000000000000e+00 1.352814137935638428e-01 9.551048278808593750e-04 0.000000000000000000e+00 0.000000000000000000e+00 0.000000000000000000e+00 3.828525543212890625e-03
9.673833847045898438e-04 1.454582512378692627e-01 0.000000000000000000e+00 1.453165411949157715e-01 9.675025939941406250e-04 0.000000000000000000e+00 0.000000000000000000e+00 0.000000000000000000e+00 4.282474517822265625e-03
9.797811508178710938e-04 1.555081605911254883e-01 0.000000000000000000e+00 1.553547531366348267e-01 9.797811508178710938e-04 0.000000000000000000e+00 0.000000000000000000e+00 0.000000000000000000e+00 4.768371582031250000e-03
9.937286376953125000e-04 1.655616611242294312e-01 0.000000000000000000e+00 1.653960198163986206e-01 9.937286376953125000e-04 0.000000000000000000e+00 0.000000000000000000e+00 0.000000000000000000e+00 5.287408828735351562e-03
1.006841659545898438e-03 1.756188422441482544e-01 0.000000000000000000e+00 1.754408627748489380e-01 1.006841659545898438e-03 0.000000000000000000e+00 0.000000000000000000e+00 0.000000000000000000e+00 5.837440490722656250e-03
1.021742820739746094e-03 1.856799721717834473e-01 0.000000000000000000e+00 1.854890286922454834e-01 1.021742820739746094e-03 0.000000000000000000e+00 0.000000000000000000e+00 0.000000000000000000e+00 6.420969963073730469e-03
1.034140586853027344e-03 1.957451999187469482e-01 0.000000000000000000e+00 1.955415010452270508e-01 1.034140586853027344e-03 0.000000000000000000e+00 0.000000000000000000e+00 0.000000000000000000e+00 7.033705711364746094e-03
1.048803329467773438e-03 2.058147192001342773e-01 0.000000000000000000e+00 2.055975347757339478e-01 1.048803329467773438e-03 0.000000000000000000e+00 0.000000000000000000e+00 0.000000000000000000e+00 7.680535316467285156e-03
1.061439514160156250e-03 2.158885598182678223e-01 0.000000000000000000e+00 2.156580686569213867e-01 1.061439514160156250e-03 0.000000000000000000e+00 0.000000000000000000e+00 0.000000000000000000e+00 8.357167243957519531e-03
1.074433326721191406e-03 2.259670794010162354e-01 0.000000000000000000e+00 2.257228791713714600e-01 1.074433326721191406e-03 0.000000000000000000e+00 0.000000000000000000e+00 0.000000000000000000e+00 9.065866470336914062e-03
1.087546348571777344e-03 2.360502779483795166e-01 0.000000000000000000e+00 2.357920706272125244e-01 1.087665557861328125e-03 0.000000000000000000e+00 0.000000000000000000e+00 0.000000000000000000e+00 9.806632995605468750e-03
1.100420951843261719e-03 2.461383342742919922e-01 0.000000000000000000e+00 2.458660304546356201e-01 1.100301742553710938e-03 0.000000000000000000e+00 0.000000000000000000e+00 0.000000000000000000e+00 1.057910919189453125e-02
1.112341880798339844e-03 2.562313973903656006e-01 0.000000000000000000e+00 2.559449076652526855e-01 1.112341880798339844e-03 0.000000000000000000e+00 0.000000000000000000e+00 0.000000000000000000e+00 1.138246059417724609e-02
1.123309135437011719e-03 2.663295865058898926e-01 0.000000000000000000e+00 2.660289108753204346e-01 1.123309135437011719e-03 0.000000000000000000e+00 0.000000000000000000e+00 0.000000000000000000e+00 1.221680641174316406e-02
1.134514808654785156e-03 2.764329910278320312e-01 0.000000000000000000e+00 2.761178314685821533e-01 1.134514808654785156e-03 0.000000000000000000e+00 0.000000000000000000e+00 0.000000000000000000e+00 1.308345794677734375e-02
1.143574714660644531e-03 2.865416705608367920e-01 0.000000000000000000e+00 2.862124443054199219e-01 1.143574714660644531e-03 0.000000000000000000e+00 0.000000000000000000e+00 0.000000000000000000e+00 1.397991180419921875e-02
1.151680946350097656e-03 2.966558337211608887e-01 0.000000000000000000e+00 2.963126301765441895e-01 1.151680946350097656e-03 0.000000000000000000e+00 0.000000000000000000e+00 0.000000000000000000e+00 1.490747928619384766e-02
1.157999038696289062e-03 3.067755103111267090e-01 0.000000000000000000e+00 3.064187169075012207e-01 1.158118247985839844e-03 0.000000000000000000e+00 0.000000000000000000e+00 0.000000000000000000e+00 1.586544513702392578e-02
1.163482666015625000e-03 3.169007301330566406e-01 0.000000000000000000e+00 3.165305554866790771e-01 1.163482666015625000e-03 0.000000000000000000e+00 0.000000000000000000e+00 0.000000000000000000e+00 1.685440540313720703e-02
1.168489456176757812e-03 3.270317316055297852e-01 0.000000000000000000e+00 3.266480863094329834e-01 1.168608665466308594e-03 0.000000000000000000e+00 0.000000000000000000e+00 0.000000000000000000e+00 1.787519454956054688e-02
1.170635223388671875e-03 3.371684253215789795e-01 0.000000000000000000e+00 3.367723226547241211e-01 1.170635223388671875e-03 0.000000000000000000e+00 0.000000000000000000e+00 0.000000000000000000e+00 1.892518997192382812e-02
1.172661781311035156e-03 3.473109006881713867e-01 0.000000000000000000e+00 3.469022512435913086e-01 1.172661781311035156e-03 0.000000000000000000e+00 0.000000000000000000e+00 0.000000000000000000e+00 2.000725269317626953e-02
1.171350479125976562e-03 3.574592471122741699e-01 0.000000000000000000e+00 3.570392131805419922e-01 1.171350479125976562e-03 0.000000000000000000e+00 0.000000000000000000e+00 0.000000000000000000e+00 2.111828327178955078e-02
1.168966293334960938e-03 3.676134645938873291e-01 0.000000000000000000e+00 3.671824336051940918e-01 1.169085502624511719e-03 0.000000000000000000e+00 0.000000000000000000e+00 0.000000000000000000e+00 2.226066589355468750e-02
1.164674758911132812e-03 3.777736425399780273e-01 0.000000000000000000e+00 3.773325085639953613e-01 1.164674758911132812e-03 0.000000000000000000e+00 0.000000000000000000e+00 0.000000000000000000e+00 2.343297004699707031e-02
1.157641410827636719e-03 3.879398405551910400e-01 0.000000000000000000e+00 3.874896764755249023e-01 1.157641410827636719e-03 0.000000000000000000e+00 0.000000000000000000e+00 0.000000000000000000e+00 2.463519573211669922e-02
1.147866249084472656e-03 3.981119990348815918e-01 0.000000000000000000e+00 3.976540565490722656e-01 1.147866249084472656e-03 0.000000000000000000e+00 0.000000000000000000e+00 0.000000000000000000e+00 2.586698532104492188e-02
1.136183738708496094e-03 4.082900881767272949e-01 0.000000000000000000e+00 4.078252911567687988e-01 1.136183738708496094e-03 0.000000000000000000e+00 0.000000000000000000e+00 0.000000000000000000e+00 2.712929248809814453e-02
1.120924949645996094e-03 4.184742569923400879e-01 0.000000000000000000e+00 4.180044233798980713e-01 1.120924949645996094e-03 0.000000000000000000e+00 0.000000000000000000e+00 0.000000000000000000e+00 2.842020988464355469e-02
1.103639602661132812e-03 4.286645054817199707e-01 0.000000000000000000e+00 4.281907081604003906e-01 1.103639602661132812e-03 0.000000000000000000e+00 0.000000000000000000e+00 0.000000000000000000e+00 2.974176406860351562e-02
1.085638999938964844e-03 4.388607740402221680e-01 0.000000000000000000e+00 4.383838176727294922e-01 1.085519790649414062e-03 0.000000000000000000e+00 0.000000000000000000e+00 0.000000000000000000e+00 3.109490871429443359e-02
1.061916351318359375e-03 4.490630626678466797e-01 0.000000000000000000e+00 4.485856890678405762e-01 1.062035560607910156e-03 0.000000000000000000e+00 0.000000000000000000e+00 0.000000000000000000e+00 3.247523307800292969e-02
1.036405563354492188e-03 4.592713713645935059e-01 0.000000000000000000e+00 4.587950110435485840e-01 1.036405563354492188e-03 0.000000000000000000e+00 0.000000000000000000e+00 0.000000000000000000e+00 3.388595581054687500e-02
1.007556915283203125e-03 4.694857001304626465e-01 0.000000000000000000e+00 4.690124988555908203e-01 1.007437705993652344e-03 0.000000000000000000e+00 0.000000000000000000e+00 0.000000000000000000e+00 3.532588481903076172e-02
9.750127792358398438e-04 4.797061085700988770e-01 0.000000000000000000e+00 4.792381525039672852e-01 9.751319885253906250e-04 0.000000000000000000e+00 0.000000000000000000e+00 0.000000000000000000e+00 3.679490089416503906e-02
9.388923645019531250e-04 4.899323582649230957e-01 0.000000000000000000e+00 4.894723594188690186e-01 9.388923645019531250e-04 0.000000000000000000e+00 0.000000000000000000e+00 0.000000000000000000e+00 3.829288482666015625e-02
9.012222290039062500e-04 5.001646876335144043e-01 0.000000000000000000e+00 4.997141063213348389e-01 9.012222290039062500e-04 0.000000000000000000e+00 0.000000000000000000e+00 0.000000000000000000e+00 3.982186317443847656e-02
