-1.729147315025329590e+00 0.000000000000000000e+00 0.000000000000000000e+00 0.000000000000000000e+00 5.967350210994482040e-03 0.000000000000000000e+00 0.000000000000000000e+00 0.000000000000000000e+00 5.967350210994482040e-03
-1.670879960060119629e+00 0.000000000000000000e+00 0.000000000000000000e+00 0.000000000000000000e+00 5.412287078797817230e-03 0.000000000000000000e+00 0.000000000000000000e+00 0.000000000000000000e+00 5.412287078797817230e-03
-1.614477396011352539e+00 0.000000000000000000e+00 0.000000000000000000e+00 0.000000000000000000e+00 4.879744257777929306e-03 0.000000000000000000e+00 0.000000000000000000e+00 0.000000000000000000e+00 4.879744257777929306e-03
-1.559830904006958008e+00 0.000000000000000000e+00 0.000000000000000000e+00 0.000000000000000000e+00 4.345772322267293930e-03 0.000000000000000000e+00 0.000000000000000000e+00 0.000000000000000000e+00 4.345772322267293930e-03
-1.506830334663391113e+00 0.000000000000000000e+00 0.000000000000000000e+00 0.000000000000000000e+00 3.863244550302624702e-03 0.000000000000000000e+00 0.000000000000000000e+00 0.000000000000000000e+00 3.863244550302624702e-03
-1.455386757850646973e+00 0.000000000000000000e+00 0.000000000000000000e+00 0.000000000000000000e+00 3.383806906640529633e-03 0.000000000000000000e+00 0.000000000000000000e+00 0.000000000000000000e+00 3.383806906640529633e-03
-1.405413508415222168e+00 0.000000000000000000e+00 0.000000000000000000e+00 0.000000000000000000e+00 2.907976973801851273e-03 0.000000000000000000e+00 0.000000000000000000e+00 0.000000000000000000e+00 2.907976973801851273e-03
-1.356824278831481934e+00 0.000000000000000000e+00 0.000000000000000000e+00 0.000000000000000000e+00 2.487238729372620583e-03 0.000000000000000000e+00 0.000000000000000000e+00 0.000000000000000000e+00 2.487238729372620583e-03
-1.309549927711486816e+00 0.000000000000000000e+00 0.000000000000000000e+00 0.000000000000000000e+00 2.072408562526106834e-03 0.000000000000000000e+00 0.000000000000000000e+00 0.000000000000000000e+00 2.072408562526106834e-03
-1.263518691062927246e+00 0.000000000000000000e+00 0.000000000000000000e+00 0.000000000000000000e+00 1.688955933786928654e-03 0.000000000000000000e+00 0.000000000000000000e+00 0.000000000000000000e+00 1.688955933786928654e-03
-1.218666315078735352e+00 0.000000000000000000e+00 0.000000000000000000e+00 0.000000000000000000e+00 1.336977351456880569e-03 0.000000000000000000e+00 0.000000000000000000e+00 0.000000000000000000e+00 1.336977351456880569e-03
-1.174937009811401367e+00 0.000000000000000000e+00 0.000000000000000000e+00 0.000000000000000000e+00 9.920608717948198318e-04 0.000000000000000000e+00 0.000000000000000000e+00 0.000000000000000000e+00 9.920608717948198318e-04
-1.132272124290466309e+00 0.000000000000000000e+00 0.000000000000000000e+00 0.000000000000000000e+00 6.786152953281998634e-04 0.000000000000000000e+00 0.000000000000000000e+00 0.000000000000000000e+00 6.786152953281998634e-04
-1.090619683265686035e+00 0.000000000000000000e+00 0.000000000000000000e+00 0.000000000000000000e+00 3.971321275457739830e-04 0.000000000000000000e+00 0.000000000000000000e+00 0.000000000000000000e+00 3.971321275457739830e-04
-1.049934148788452148e+00 0.000000000000000000e+00 0.000000000000000000e+00 0.000000000000000000e+00 1.458168117096647620e-04 0.000000000000000000e+00 0.000000000000000000e+00 0.000000000000000000e+00 1.458168117096647620e-04
-1.010171055793762207e+00 0.000000000000000000e+00 0.000000000000000000e+00 0.000000000000000000e+00 -9.899247379507869482e-05 0.000000000000000000e+00 0.000000000000000000e+00 0.000000000000000000e+00 -9.899247379507869482e-05
-9.712840914726257324e-01 0.000000000000000000e+00 0.000000000000000000e+00 0.000000000000000000e+00 -2.898299717344343662e-04 0.000000000000000000e+00 0.000000000000000000e+00 0.000000000000000000e+00 -2.898299717344343662e-04
-9.332410693168640137e-01 0.000000000000000000e+00 0.000000000000000000e+00 0.000000000000000000e+00 -4.764084587804973125e-04 0.000000000000000000e+00 0.000000000000000000e+00 0.000000000000000000e+00 -4.764084587804973125e-04
-8.959996700286865234e-01 0.000000000000000000e+00 0.000000000000000000e+00 0.000000000000000000e+00 -6.345743313431739807e-04 0.000000000000000000e+00 0.000000000000000000e+00 0.000000000000000000e+00 -6.345743313431739807e-04
-8.595319986343383789e-01 0.000000000000000000e+00 0.000000000000000000e+00 0.000000000000000000e+00 -7.912611472420394421e-04 0.000000000000000000e+00 0.000000000000000000e+00 0.000000000000000000e+00 -7.912611472420394421e-04
-8.237959146499633789e-01 0.000000000000000000e+00 0.000000000000000000e+00 0.000000000000000000e+00 -8.958613034337759018e-04 0.000000000000000000e+00 0.000000000000000000e+00 0.000000000000000000e+00 -8.958613034337759018e-04
-7.887709140777587891e-01 0.000000000000000000e+00 0.000000000000000000e+00 0.000000000000000000e+00 -1.001697732135653496e-03 0.000000000000000000e+00 0.000000000000000000e+00 0.000000000000000000e+00 -1.001697732135653496e-03
-7.544224858283996582e-01 0.000000000000000000e+00 0.000000000000000000e+00 0.000000000000000000e+00 -1.083004055544734001e-03 0.000000000000000000e+00 0.000000000000000000e+00 0.000000000000000000e+00 -1.083004055544734001e-03
-7.207247614860534668e-01 0.000000000000000000e+00 0.000000000000000000e+00 0.000000000000000000e+00 -1.142177963629364967e-03 0.000000000000000000e+00 0.000000000000000000e+00 0.000000000000000000e+00 -1.142177963629364967e-03
-6.876515150070190430e-01 0.000000000000000000e+00 0.000000000000000000e+00 0.000000000000000000e+00 -1.179360551759600639e-03 0.000000000000000000e+00 0.000000000000000000e+00 0.000000000000000000e+00 -1.179360551759600639e-03
-6.551783084869384766e-01 0.000000000000000000e+00 0.000000000000000000e+00 0.000000000000000000e+00 -1.196370110847055912e-03 0.000000000000000000e+00 0.000000000000000000e+00 0.000000000000000000e+00 -1.196370110847055912e-03
-6.232829689979553223e-01 0.000000000000000000e+00 0.000000000000000000e+00 0.000000000000000000e+00 -1.194435404613614082e-03 0.000000000000000000e+00 0.000000000000000000e+00 0.000000000000000000e+00 -1.194435404613614082e-03
-5.919492840766906738e-01 0.000000000000000000e+00 0.000000000000000000e+00 0.000000000000000000e+00 -1.200789352878928185e-03 0.000000000000000000e+00 0.000000000000000000e+00 0.000000000000000000e+00 -1.200789352878928185e-03
-5.611447691917419434e-01 0.000000000000000000e+00 0.000000000000000000e+00 0.000000000000000000e+00 -1.164200017228722572e-03 0.000000000000000000e+00 0.000000000000000000e+00 0.000000000000000000e+00 -1.164200017228722572e-03
-5.308631658554077148e-01 0.000000000000000000e+00 0.000000000000000000e+00 0.000000000000000000e+00 -1.139458501711487770e-03 0.000000000000000000e+00 0.000000000000000000e+00 0.000000000000000000e+00 -1.139458501711487770e-03
-5.010722279548645020e-01 0.000000000000000000e+00 0.000000000000000000e+00 0.000000000000000000e+00 -1.074154977686703205e-03 0.000000000000000000e+00 0.000000000000000000e+00 0.000000000000000000e+00 -1.074154977686703205e-03
-4.717666506767272949e-01 0.000000000000000000e+00 0.000000000000000000e+00 0.000000000000000000e+00 -1.021774718537926674e-03 0.000000000000000000e+00 0.000000000000000000e+00 0.000000000000000000e+00 -1.021774718537926674e-03
-4.429251551628112793e-01 0.000000000000000000e+00 0.000000000000000000e+00 0.000000000000000000e+00 -9.591327980160713196e-04 0.000000000000000000e+00 0.000000000000000000e+00 0.000000000000000000e+00 -9.591327980160713196e-04
-4.145297706127166748e-01 0.000000000000000000e+00 0.000000000000000000e+00 0.000000000000000000e+00 -8.848706493154168129e-04 0.000000000000000000e+00 0.000000000000000000e+00 0.000000000000000000e+00 -8.848706493154168129e-04
-3.865680098533630371e-01 0.000000000000000000e+00 0.000000000000000000e+00 0.000000000000000000e+00 -8.029986056499183178e-04 0.000000000000000000e+00 0.000000000000000000e+00 0.000000000000000000e+00 -8.029986056499183178e-04
-3.590214550495147705e-01 0.000000000000000000e+00 0.000000000000000000e+00 0.000000000000000000e+00 -7.116885390132665634e-04 0.000000000000000000e+00 0.000000000000000000e+00 0.000000000000000000e+00 -7.116885390132665634e-04
-3.318801522254943848e-01 0.000000000000000000e+00 0.000000000000000000e+00 0.000000000000000000e+00 -6.145989173091948032e-04 0.000000000000000000e+00 0.000000000000000000e+00 0.000000000000000000e+00 -6.145989173091948032e-04
-3.051298558712005615e-01 0.000000000000000000e+00 0.000000000000000000e+00 0.000000000000000000e+00 -5.125304451212286949e-04 0.000000000000000000e+00 0.000000000000000000e+00 0.000000000000000000e+00 -5.125304451212286949e-04
-2.787572741508483887e-01 0.000000000000000000e+00 0.000000000000000000e+00 0.000000000000000000e+00 -4.056901379954069853e-04 0.000000000000000000e+00 0.000000000000000000e+00 0.000000000000000000e+00 -4.056901379954069853e-04
-2.527498602867126465e-01 0.000000000000000000e+00 0.000000000000000000e+00 0.000000000000000000e+00 -2.948834735434502363e-04 0.000000000000000000e+00 0.000000000000000000e+00 0.000000000000000000e+00 -2.948834735434502363e-04
-2.270962595939636230e-01 0.000000000000000000e+00 0.000000000000000000e+00 0.000000000000000000e+00 -1.813951384974643588e-04 0.000000000000000000e+00 0.000000000000000000e+00 0.000000000000000000e+00 -1.813951384974643588e-04
-2.017876058816909790e-01 0.000000000000000000e+00 0.000000000000000000e+00 0.000000000000000000e+00 -6.794218643335625529e-05 0.000000000000000000e+00 0.000000000000000000e+00 0.000000000000000000e+00 -6.794218643335625529e-05
-1.768099069595336914e-01 0.000000000000000000e+00 0.000000000000000000e+00 0.000000000000000000e+00 4.788221849594265223e-05 0.000000000000000000e+00 0.000000000000000000e+00 0.000000000000000000e+00 4.788221849594265223e-05
-1.521486043930053711e-01 0.000000000000000000e+00 0.000000000000000000e+00 0.000000000000000000e+00 1.891069841803982854e-04 0.000000000000000000e+00 0.000000000000000000e+00 0.000000000000000000e+00 1.891069841803982854e-04
-1.278086751699447632e-01 0.000000000000000000e+00 0.000000000000000000e+00 0.000000000000000000e+00 3.012713277712464333e-04 0.000000000000000000e+00 0.000000000000000000e+00 0.000000000000000000e+00 3.012713277712464333e-04
-1.037711575627326965e-01 0.000000000000000000e+00 0.000000000000000000e+00 0.000000000000000000e+00 4.120502562727779150e-04 0.000000000000000000e+00 0.000000000000000000e+00 0.000000000000000000e+00 4.120502562727779150e-04
-8.002945035696029663e-02 0.000000000000000000e+00 0.000000000000000000e+00 0.000000000000000000e+00 5.189566290937364101e-04 0.000000000000000000e+00 0.000000000000000000e+00 0.000000000000000000e+00 5.189566290937364101e-04
-5.656746029853820801e-02 0.000000000000000000e+00 0.000000000000000000e+00 0.000000000000000000e+00 6.487083737738430500e-04 0.000000000000000000e+00 0.000000000000000000e+00 0.000000000000000000e+00 6.487083737738430500e-04
-3.339100629091262817e-02 0.000000000000000000e+00 0.000000000000000000e+00 0.000000000000000000e+00 7.462440989911556244e-04 0.000000000000000000e+00 0.000000000000000000e+00 0.000000000000000000e+00 7.462440989911556244e-04
-1.047778129577636719e-02 0.000000000000000000e+00 0.000000000000000000e+00 0.000000000000000000e+00 8.655784185975790024e-04 0.000000000000000000e+00 0.000000000000000000e+00 0.000000000000000000e+00 8.655784185975790024e-04
1.216900348663330078e-02 0.000000000000000000e+00 0.000000000000000000e+00 0.000000000000000000e+00 9.673836175352334976e-04 0.000000000000000000e+00 0.000000000000000000e+00 0.000000000000000000e+00 9.673836175352334976e-04
3.455973416566848755e-02 0.000000000000000000e+00 0.000000000000000000e+00 0.000000000000000000e+00 1.069670659489929676e-03 0.000000000000000000e+00 0.000000000000000000e+00 0.000000000000000000e+00 1.069670659489929676e-03
5.670204386115074158e-02 0.000000000000000000e+00 0.000000000000000000e+00 0.000000000000000000e+00 1.166488742455840111e-03 0.000000000000000000e+00 0.000000000000000000e+00 0.000000000000000000e+00 1.166488742455840111e-03
7.860285788774490356e-02 0.000000000000000000e+00 0.000000000000000000e+00 0.000000000000000000e+00 1.259992131963372231e-03 0.000000000000000000e+00 0.000000000000000000e+00 0.000000000000000000e+00 1.259992131963372231e-03
1.002695709466934204e-01 0.000000000000000000e+00 0.000000000000000000e+00 0.000000000000000000e+00 1.348281395621597767e-03 0.000000000000000000e+00 0.000000000000000000e+00 0.000000000000000000e+00 1.348281395621597767e-03
1.217288970947265625e-01 0.000000000000000000e+00 0.000000000000000000e+00 0.000000000000000000e+00 1.434701611287891865e-03 0.000000000000000000e+00 0.000000000000000000e+00 0.000000000000000000e+00 1.434701611287891865e-03
1.429423391819000244e-01 0.000000000000000000e+00 0.000000000000000000e+00 0.000000000000000000e+00 1.509722205810248852e-03 0.000000000000000000e+00 0.000000000000000000e+00 0.000000000000000000e+00 1.509722205810248852e-03
1.639394462108612061e-01 0.000000000000000000e+00 0.000000000000000000e+00 0.000000000000000000e+00 1.581932068802416325e-03 0.000000000000000000e+00 0.000000000000000000e+00 0.000000000000000000e+00 1.581932068802416325e-03
1.847244203090667725e-01 0.000000000000000000e+00 0.000000000000000000e+00 0.000000000000000000e+00 1.645256532356142998e-03 0.000000000000000000e+00 0.000000000000000000e+00 0.000000000000000000e+00 1.645256532356142998e-03
2.053032070398330688e-01 0.000000000000000000e+00 0.000000000000000000e+00 0.000000000000000000e+00 1.704111229628324509e-03 0.000000000000000000e+00 0.000000000000000000e+00 0.000000000000000000e+00 1.704111229628324509e-03
2.256809324026107788e-01 0.000000000000000000e+00 0.000000000000000000e+00 0.000000000000000000e+00 1.756354235112667084e-03 0.000000000000000000e+00 0.000000000000000000e+00 0.000000000000000000e+00 1.756354235112667084e-03
2.458615452051162720e-01 0.000000000000000000e+00 0.000000000000000000e+00 0.000000000000000000e+00 1.799962599761784077e-03 0.000000000000000000e+00 0.000000000000000000e+00 0.000000000000000000e+00 1.799962599761784077e-03
2.658509910106658936e-01 0.000000000000000000e+00 0.000000000000000000e+00 0.000000000000000000e+00 1.838396536186337471e-03 0.000000000000000000e+00 0.000000000000000000e+00 0.000000000000000000e+00 1.838396536186337471e-03
2.856529951095581055e-01 0.000000000000000000e+00 0.000000000000000000e+00 0.000000000000000000e+00 1.867963001132011414e-03 0.000000000000000000e+00 0.000000000000000000e+00 0.000000000000000000e+00 1.867963001132011414e-03
3.052725195884704590e-01 0.000000000000000000e+00 0.000000000000000000e+00 0.000000000000000000e+00 1.891048741526901722e-03 0.000000000000000000e+00 0.000000000000000000e+00 0.000000000000000000e+00 1.891048741526901722e-03
3.247334063053131104e-01 0.000000000000000000e+00 0.000000000000000000e+00 0.000000000000000000e+00 1.910994760692119598e-03 0.000000000000000000e+00 0.000000000000000000e+00 0.000000000000000000e+00 1.910994760692119598e-03
3.439995944499969482e-01 0.000000000000000000e+00 0.000000000000000000e+00 0.000000000000000000e+00 1.917070941999554634e-03 0.000000000000000000e+00 0.000000000000000000e+00 0.000000000000000000e+00 1.917070941999554634e-03
3.630956113338470459e-01 0.000000000000000000e+00 0.000000000000000000e+00 0.000000000000000000e+00 1.917863730341196060e-03 0.000000000000000000e+00 0.000000000000000000e+00 0.000000000000000000e+00 1.917863730341196060e-03
3.820244073867797852e-01 0.000000000000000000e+00 0.000000000000000000e+00 0.000000000000000000e+00 1.907770289108157158e-03 0.000000000000000000e+00 0.000000000000000000e+00 0.000000000000000000e+00 1.907770289108157158e-03
4.007909297943115234e-01 0.000000000000000000e+00 0.000000000000000000e+00 0.000000000000000000e+00 1.892275526188313961e-03 0.000000000000000000e+00 0.000000000000000000e+00 0.000000000000000000e+00 1.892275526188313961e-03
4.193976819515228271e-01 0.000000000000000000e+00 0.000000000000000000e+00 0.000000000000000000e+00 1.867564744316041470e-03 0.000000000000000000e+00 0.000000000000000000e+00 0.000000000000000000e+00 1.867564744316041470e-03
4.378487765789031982e-01 0.000000000000000000e+00 0.000000000000000000e+00 0.000000000000000000e+00 1.836261362768709660e-03 0.000000000000000000e+00 0.000000000000000000e+00 0.000000000000000000e+00 1.836261362768709660e-03
4.561471939086914062e-01 0.000000000000000000e+00 0.000000000000000000e+00 0.000000000000000000e+00 1.795503776520490646e-03 0.000000000000000000e+00 0.000000000000000000e+00 0.000000000000000000e+00 1.795503776520490646e-03
4.742953479290008545e-01 0.000000000000000000e+00 0.000000000000000000e+00 0.000000000000000000e+00 1.744456938467919827e-03 0.000000000000000000e+00 0.000000000000000000e+00 0.000000000000000000e+00 1.744456938467919827e-03
4.922986924648284912e-01 0.000000000000000000e+00 0.000000000000000000e+00 0.000000000000000000e+00 1.688605290837585926e-03 0.000000000000000000e+00 0.000000000000000000e+00 0.000000000000000000e+00 1.688605290837585926e-03
5.101764798164367676e-01 0.000000000000000000e+00 0.000000000000000000e+00 0.000000000000000000e+00 1.625923090614378452e-03 0.000000000000000000e+00 0.000000000000000000e+00 0.000000000000000000e+00 1.625923090614378452e-03
5.278952121734619141e-01 0.000000000000000000e+00 0.000000000000000000e+00 0.000000000000000000e+00 1.551398192532360554e-03 0.000000000000000000e+00 0.000000000000000000e+00 0.000000000000000000e+00 1.551398192532360554e-03
5.454764366149902344e-01 0.000000000000000000e+00 0.000000000000000000e+00 0.000000000000000000e+00 1.468012575060129166e-03 0.000000000000000000e+00 0.000000000000000000e+00 0.000000000000000000e+00 1.468012575060129166e-03
5.629225373268127441e-01 0.000000000000000000e+00 0.000000000000000000e+00 0.000000000000000000e+00 1.375764608383178711e-03 0.000000000000000000e+00 0.000000000000000000e+00 0.000000000000000000e+00 1.375764608383178711e-03
5.802370905876159668e-01 0.000000000000000000e+00 0.000000000000000000e+00 0.000000000000000000e+00 1.276680850423872471e-03 0.000000000000000000e+00 0.000000000000000000e+00 0.000000000000000000e+00 1.276680850423872471e-03
5.974221825599670410e-01 0.000000000000000000e+00 0.000000000000000000e+00 0.000000000000000000e+00 1.166466623544692993e-03 0.000000000000000000e+00 0.000000000000000000e+00 0.000000000000000000e+00 1.166466623544692993e-03
6.144809722900390625e-01 0.000000000000000000e+00 0.000000000000000000e+00 0.000000000000000000e+00 1.051321742124855518e-03 0.000000000000000000e+00 0.000000000000000000e+00 0.000000000000000000e+00 1.051321742124855518e-03
6.314140558242797852e-01 0.000000000000000000e+00 0.000000000000000000e+00 0.000000000000000000e+00 9.233744349330663681e-04 0.000000000000000000e+00 0.000000000000000000e+00 0.000000000000000000e+00 9.233744349330663681e-04
6.482260227203369141e-01 0.000000000000000000e+00 0.000000000000000000e+00 0.000000000000000000e+00 7.904933881945908070e-04 0.000000000000000000e+00 0.000000000000000000e+00 0.000000000000000000e+00 7.904933881945908070e-04
6.649181246757507324e-01 0.000000000000000000e+00 0.000000000000000000e+00 0.000000000000000000e+00 6.474299007095396519e-04 0.000000000000000000e+00 0.000000000000000000e+00 0.000000000000000000e+00 6.474299007095396519e-04
6.815101504325866699e-01 0.000000000000000000e+00 0.000000000000000000e+00 0.000000000000000000e+00 5.000282544642686844e-04 0.000000000000000000e+00 0.000000000000000000e+00 0.000000000000000000e+00 5.000282544642686844e-04
6.979693770408630371e-01 0.000000000000000000e+00 0.000000000000000000e+00 0.000000000000000000e+00 3.400533751118928194e-04 0.000000000000000000e+00 0.000000000000000000e+00 0.000000000000000000e+00 3.400533751118928194e-04
7.143152952194213867e-01 0.000000000000000000e+00 0.000000000000000000e+00 0.000000000000000000e+00 1.713218662189319730e-04 0.000000000000000000e+00 0.000000000000000000e+00 0.000000000000000000e+00 1.713218662189319730e-04
7.305510044097900391e-01 0.000000000000000000e+00 0.000000000000000000e+00 0.000000000000000000e+00 -3.544919309206306934e-06 0.000000000000000000e+00 0.000000000000000000e+00 0.000000000000000000e+00 -3.544919309206306934e-06
7.466768026351928711e-01 0.000000000000000000e+00 0.000000000000000000e+00 0.000000000000000000e+00 -1.905111566884443164e-04 0.000000000000000000e+00 0.000000000000000000e+00 0.000000000000000000e+00 -1.905111566884443164e-04
7.626959085464477539e-01 0.000000000000000000e+00 0.000000000000000000e+00 0.000000000000000000e+00 -3.843320300802588463e-04 0.000000000000000000e+00 0.000000000000000000e+00 0.000000000000000000e+00 -3.843320300802588463e-04
7.786099910736083984e-01 0.000000000000000000e+00 0.000000000000000000e+00 0.000000000000000000e+00 -5.852474132552742958e-04 0.000000000000000000e+00 0.000000000000000000e+00 0.000000000000000000e+00 -5.852474132552742958e-04
7.944211959838867188e-01 0.000000000000000000e+00 0.000000000000000000e+00 0.000000000000000000e+00 -7.956453482620418072e-04 0.000000000000000000e+00 0.000000000000000000e+00 0.000000000000000000e+00 -7.956453482620418072e-04
8.101291060447692871e-01 0.000000000000000000e+00 0.000000000000000000e+00 0.000000000000000000e+00 -1.018031616695225239e-03 0.000000000000000000e+00 0.000000000000000000e+00 0.000000000000000000e+00 -1.018031616695225239e-03
8.257396817207336426e-01 0.000000000000000000e+00 0.000000000000000000e+00 0.000000000000000000e+00 -1.243703183718025684e-03 0.000000000000000000e+00 0.000000000000000000e+00 0.000000000000000000e+00 -1.243703183718025684e-03
8.412680029869079590e-01 0.000000000000000000e+00 0.000000000000000000e+00 0.000000000000000000e+00 -1.476951059885323048e-03 0.000000000000000000e+00 0.000000000000000000e+00 0.000000000000000000e+00 -1.476951059885323048e-03
8.566833138465881348e-01 0.000000000000000000e+00 0.000000000000000000e+00 0.000000000000000000e+00 -1.723151421174407005e-03 0.000000000000000000e+00 0.000000000000000000e+00 0.000000000000000000e+00 -1.723151421174407005e-03
8.720053434371948242e-01 0.000000000000000000e+00 0.000000000000000000e+00 0.000000000000000000e+00 -1.974908867850899696e-03 0.000000000000000000e+00 0.000000000000000000e+00 0.000000000000000000e+00 -1.974908867850899696e-03
8.872333168983459473e-01 0.000000000000000000e+00 0.000000000000000000e+00 0.000000000000000000e+00 -2.238904358819127083e-03 0.000000000000000000e+00 0.000000000000000000e+00 0.000000000000000000e+00 -2.238904358819127083e-03
9.023707509040832520e-01 0.000000000000000000e+00 0.000000000000000000e+00 0.000000000000000000e+00 -2.508818870410323143e-03 0.000000000000000000e+00 0.000000000000000000e+00 0.000000000000000000e+00 -2.508818870410323143e-03
