7.530829310417175293e-02 -0.000000000000000000e+00 6.046496704220771790e-02 1.614261746406555176e+00
7.282224250957369804e-04 4.065651819109916687e-02 8.054064237512648106e-04 9.012970924377441406e+00
8.821512013673782349e-02 -0.000000000000000000e+00 1.094374880194664001e-01 1.694257974624633789e+00
6.973403651500120759e-05 -0.000000000000000000e+00 9.944829071173444390e-05 1.432252049446105957e+00
3.628752008080482483e-02 -0.000000000000000000e+00 1.698980486253276467e-04 1.358656883239746094e+00
6.646853580605238676e-05 -0.000000000000000000e+00 9.411553037352859974e-05 1.405836105346679688e+00
6.653732270933687687e-05 -0.000000000000000000e+00 9.789217438083142042e-05 1.447172403335571289e+00
1.076496555469930172e-04 -0.000000000000000000e+00 1.014806621242314577e-04 1.360085725784301758e+00
6.854622915852814913e-05 -0.000000000000000000e+00 9.697859786683693528e-05 1.416714191436767578e+00
7.389979145955294371e-05 -0.000000000000000000e+00 1.017454633256420493e-04 1.416150212287902832e+00
2.594718694686889648e+00 5.504711866378784180e-01 5.303346514701843262e-01 4.215966701507568359e+00
7.490488290786743164e-01 1.966014533536508679e-04 1.504977196455001831e-01 4.838086292147636414e-02
1.427502487786114216e-03 -0.000000000000000000e+00 5.015193019062280655e-04 3.634343385696411133e+00
3.037977439817041159e-04 2.194368988275527954e-01 4.774443507194519043e-01 1.542245130985975266e-02
2.168184379115700722e-03 -0.000000000000000000e+00 1.124782138504087925e-04 1.396140336990356445e+00
6.576273881364613771e-05 -0.000000000000000000e+00 9.375696390634402633e-05 1.408970475196838379e+00
