7.711600661277770996e-01
7.357305288314819336e-01
7.013949751853942871e-01
6.681360602378845215e-01
6.359353065490722656e-01
6.047730445861816406e-01
5.746271610260009766e-01
5.454758405685424805e-01
5.172976255416870117e-01
4.900689721107482910e-01
4.637683033943176270e-01
4.383730292320251465e-01
4.138617813587188721e-01
3.902137875556945801e-01
3.674085438251495361e-01
3.454268872737884521e-01
3.242497742176055908e-01
3.038603067398071289e-01
2.842411398887634277e-01
2.653772532939910889e-01
2.472532987594604492e-01
2.298549413681030273e-01
2.131694555282592773e-01
1.971845924854278564e-01
1.818884313106536865e-01
1.672701388597488403e-01
1.533191204071044922e-01
1.400262564420700073e-01
1.273817718029022217e-01
1.153777688741683960e-01
1.040052548050880432e-01
9.325713664293289185e-02
8.312585949897766113e-02
7.360450178384780884e-02
6.468614190816879272e-02
5.636460334062576294e-02
4.863347113132476807e-02
4.148719087243080139e-02
3.492008894681930542e-02
2.892686426639556885e-02
2.350197918713092804e-02
1.864098571240901947e-02
1.433848123997449875e-02
1.059014722704887390e-02
7.391547318547964096e-03
4.738014657050371170e-03
2.626076107844710350e-03
1.051310449838638306e-03
1.013326073007192463e-05
-5.015134811401367188e-04
-4.864931106567382812e-04
5.114122541272081435e-05
1.108530443161725998e-03
2.682817401364445686e-03
4.770431201905012131e-03
7.372570689767599106e-03
1.048042159527540207e-02
1.409423258155584335e-02
1.821210607886314392e-02
2.283142879605293274e-02
2.795054391026496887e-02
3.356719762086868286e-02
3.968009352684020996e-02
4.628757387399673462e-02
5.338821932673454285e-02
6.098812445998191833e-02
6.907192617654800415e-02
7.764499634504318237e-02
8.670724183320999146e-02
9.625735133886337280e-02
1.062952280044555664e-01
1.168198138475418091e-01
1.278309971094131470e-01
1.393286734819412231e-01
1.513125002384185791e-01
1.637951284646987915e-01
1.767520159482955933e-01
1.901954412460327148e-01
2.041256725788116455e-01
2.185433208942413330e-01
2.334486097097396851e-01
2.488426566123962402e-01
2.647255659103393555e-01
2.810983359813690186e-01
2.979620099067687988e-01
3.153351247310638428e-01
3.331840336322784424e-01
3.515267670154571533e-01
3.703651428222656250e-01
3.896995782852172852e-01
4.095323085784912109e-01
4.298641383647918701e-01
4.506964087486267090e-01
4.720312654972076416e-01
4.938701391220092773e-01
5.162367820739746094e-01
5.390888452529907227e-01
5.624496340751647949e-01
5.863215327262878418e-01
6.107062697410583496e-01
