1.240152120590209961e-01
1.190149784088134766e-01
1.141176223754882812e-01
1.093238592147827148e-01
1.046329736709594727e-01
1.000453233718872070e-01
9.556102752685546875e-02
9.117949008941650391e-02
8.690106868743896484e-02
8.272564411163330078e-02
7.865285873413085938e-02
7.468295097351074219e-02
7.081568241119384766e-02
6.705105304718017578e-02
6.338918209075927734e-02
5.982971191406250000e-02
5.637276172637939453e-02
5.301833152770996094e-02
4.976582527160644531e-02
4.661607742309570312e-02
4.356849193572998047e-02
4.062306880950927734e-02
3.777968883514404297e-02
3.503859043121337891e-02
3.239941596984863281e-02
2.986216545104980469e-02
2.742683887481689453e-02
2.509343624114990234e-02
2.286207675933837891e-02
2.073204517364501953e-02
1.870393753051757812e-02
1.677763462066650391e-02
1.495277881622314453e-02
1.322984695434570312e-02
1.160800457000732422e-02
1.008808612823486328e-02
8.669614791870117188e-03
7.352471351623535156e-03
6.136775016784667969e-03
5.022883415222167969e-03
4.009604454040527344e-03
3.098249435424804688e-03
2.288222312927246094e-03
1.579403877258300781e-03
9.716749191284179688e-04
4.655122756958007812e-04
6.043910980224609375e-05
-2.433061599731445312e-04
-4.457235336303710938e-04
-5.470514297485351562e-04
-5.470514297485351562e-04
-4.457235336303710938e-04
-2.433061599731445312e-04
6.043910980224609375e-05
4.655122756958007812e-04
9.716749191284179688e-04
1.579403877258300781e-03
2.288222312927246094e-03
3.098249435424804688e-03
4.009604454040527344e-03
5.022883415222167969e-03
6.136775016784667969e-03
7.352471351623535156e-03
8.669614791870117188e-03
1.008808612823486328e-02
1.160800457000732422e-02
1.322984695434570312e-02
1.495277881622314453e-02
1.677763462066650391e-02
1.870393753051757812e-02
2.073204517364501953e-02
2.286207675933837891e-02
2.509343624114990234e-02
2.742683887481689453e-02
2.986216545104980469e-02
3.239941596984863281e-02
3.503859043121337891e-02
3.777968883514404297e-02
4.062306880950927734e-02
4.356849193572998047e-02
4.661607742309570312e-02
4.976582527160644531e-02
5.301833152770996094e-02
5.637276172637939453e-02
5.982971191406250000e-02
6.338918209075927734e-02
6.705105304718017578e-02
7.081568241119384766e-02
7.468295097351074219e-02
7.865285873413085938e-02
8.272564411163330078e-02
8.690106868743896484e-02
9.117949008941650391e-02
9.556102752685546875e-02
1.000453233718872070e-01
1.046329736709594727e-01
1.093238592147827148e-01
1.141176223754882812e-01
1.190149784088134766e-01
1.240152120590209961e-01
