3.630002140998840332e-01
3.458216190338134766e-01
3.292229771614074707e-01
3.131857216358184814e-01
2.976925969123840332e-01
2.827278077602386475e-01
2.682754993438720703e-01
2.543216943740844727e-01
2.408524304628372192e-01
2.278553545475006104e-01
2.153173536062240601e-01
2.032274007797241211e-01
1.915742158889770508e-01
1.803473383188247681e-01
1.695369482040405273e-01
1.591332256793975830e-01
1.491268128156661987e-01
1.395093500614166260e-01
1.302725374698638916e-01
1.214082688093185425e-01
1.129087433218955994e-01
1.047669202089309692e-01
9.697560966014862061e-02
8.952812105417251587e-02
8.241788297891616821e-02
7.563880085945129395e-02
6.918477267026901245e-02
6.305031478404998779e-02
5.722955986857414246e-02
5.171738192439079285e-02
4.650840163230895996e-02
4.159761220216751099e-02
3.698023408651351929e-02
3.265220671892166138e-02
2.860876172780990601e-02
2.484512142837047577e-02
2.135746926069259644e-02
1.814186759293079376e-02
1.519438158720731735e-02
1.251095253974199295e-02
1.008848007768392563e-02
7.923029363155364990e-03
6.011380348354578018e-03
4.349835216999053955e-03
2.935293829068541527e-03
1.765252673067152500e-03
8.357768529094755650e-04
1.449586416129022837e-04
-3.107785887550562620e-04
-5.342960357666015625e-04
-5.277395248413085938e-04
-2.942084975074976683e-04
1.640320988371968269e-04
8.444790728390216827e-04
1.744748326018452644e-03
2.863290486857295036e-03
4.196171648800373077e-03
5.741962231695652008e-03
7.498515769839286804e-03
9.464045055210590363e-03
1.163604762405157089e-02
1.401273440569639206e-02
1.659196056425571442e-02
1.937217637896537781e-02
2.235123887658119202e-02
2.553081326186656952e-02
2.890279516577720642e-02
3.246849775314331055e-02
3.622613102197647095e-02
4.017414897680282593e-02
4.431075602769851685e-02
4.863489046692848206e-02
5.314427986741065979e-02
5.783832818269729614e-02
6.271453946828842163e-02
6.777731329202651978e-02
7.301521301269531250e-02
7.843133807182312012e-02
8.402473479509353638e-02
8.979373425245285034e-02
9.573774039745330811e-02
1.018544882535934448e-01
1.081433743238449097e-01
1.146032214164733887e-01
1.212325841188430786e-01
1.280369609594345093e-01
1.350022703409194946e-01
1.421335339546203613e-01
1.494300216436386108e-01
1.568905413150787354e-01
1.645136773586273193e-01
1.722989529371261597e-01
1.802451461553573608e-01
1.883506327867507935e-01
1.966156065464019775e-01
2.050464153289794922e-01
2.136260122060775757e-01
2.223618924617767334e-01
2.312528640031814575e-01
2.402976304292678833e-01
