-2.902880430221557617e+00
-2.356177330017089844e+00
-2.654757499694824219e+00
-3.004930734634399414e+00
-2.945495605468750000e+00
-2.820382118225097656e+00
-2.861781120300292969e+00
-2.810857057571411133e+00
-2.991320133209228516e+00
-2.906811714172363281e+00
-2.778052330017089844e+00
-2.533437967300415039e+00
-2.647856950759887695e+00
-2.943788290023803711e+00
2.916649818420410156e+00
-2.729668140411376953e+00
-2.724100589752197266e+00
-7.763590216636657715e-01
-1.235092163085937500e+00
-2.966001033782958984e+00
1.478045821189880371e+00
-2.411297798156738281e+00
-2.641022682189941406e+00
-2.669097423553466797e+00
-2.529616355895996094e+00
-3.050282955169677734e+00
-2.816796064376831055e+00
-2.521053791046142578e+00
-2.896767616271972656e+00
-2.837689876556396484e+00
-3.157817125320434570e+00
-2.887034654617309570e+00
-2.002023220062255859e+00
-2.913423776626586914e+00
-2.601548910140991211e+00
-3.064354419708251953e+00
-2.866386651992797852e+00
-2.362440347671508789e+00
-2.821476221084594727e+00
-2.941253900527954102e+00
-2.602549552917480469e+00
-2.645053625106811523e+00
-2.691557645797729492e+00
6.604387760162353516e-01
-2.907630205154418945e+00
-2.547947406768798828e+00
-2.764446020126342773e+00
-2.976051092147827148e+00
-2.864273309707641602e+00
-2.639023065567016602e+00
-3.032606124877929688e+00
-1.257812619209289551e+00
-2.913008928298950195e+00
8.122963309288024902e-01
-2.758624076843261719e+00
-2.704020500183105469e+00
-2.799876928329467773e+00
-2.446337699890136719e+00
-2.762349367141723633e+00
-2.907105445861816406e+00
-2.768040895462036133e+00
-3.002706527709960938e+00
-2.928004980087280273e+00
-2.826182365417480469e+00
