-1.782215237617492676e+00 0.000000000000000000e+00 0.000000000000000000e+00 0.000000000000000000e+00 -1.782215237617492676e+00 0.000000000000000000e+00 0.000000000000000000e+00 0.000000000000000000e+00 5.447374656796455383e-03
-1.728332996368408203e+00 0.000000000000000000e+00 0.000000000000000000e+00 0.000000000000000000e+00 -1.728332996368408203e+00 0.000000000000000000e+00 0.000000000000000000e+00 0.000000000000000000e+00 3.406139090657234192e-03
-1.674930572509765625e+00 0.000000000000000000e+00 0.000000000000000000e+00 0.000000000000000000e+00 -1.674930572509765625e+00 0.000000000000000000e+00 0.000000000000000000e+00 0.000000000000000000e+00 1.888223923742771149e-03
-1.622174382209777832e+00 0.000000000000000000e+00 0.000000000000000000e+00 0.000000000000000000e+00 -1.622174382209777832e+00 0.000000000000000000e+00 0.000000000000000000e+00 0.000000000000000000e+00 8.228025399148464203e-04
-1.570211172103881836e+00 0.000000000000000000e+00 0.000000000000000000e+00 0.000000000000000000e+00 -1.570211172103881836e+00 0.000000000000000000e+00 0.000000000000000000e+00 0.000000000000000000e+00 8.492823690176010132e-05
-1.519155144691467285e+00 0.000000000000000000e+00 0.000000000000000000e+00 0.000000000000000000e+00 -1.519155144691467285e+00 0.000000000000000000e+00 0.000000000000000000e+00 0.000000000000000000e+00 -3.648418933153152466e-04
-1.469099640846252441e+00 0.000000000000000000e+00 0.000000000000000000e+00 0.000000000000000000e+00 -1.469099640846252441e+00 0.000000000000000000e+00 0.000000000000000000e+00 0.000000000000000000e+00 -6.164847873151302338e-04
-1.420112371444702148e+00 0.000000000000000000e+00 0.000000000000000000e+00 0.000000000000000000e+00 -1.420112371444702148e+00 0.000000000000000000e+00 0.000000000000000000e+00 0.000000000000000000e+00 -7.322612218558788300e-04
-1.372237324714660645e+00 0.000000000000000000e+00 0.000000000000000000e+00 0.000000000000000000e+00 -1.372237324714660645e+00 0.000000000000000000e+00 0.000000000000000000e+00 0.000000000000000000e+00 -7.459376938641071320e-04
-1.325499296188354492e+00 0.000000000000000000e+00 0.000000000000000000e+00 0.000000000000000000e+00 -1.325499296188354492e+00 0.000000000000000000e+00 0.000000000000000000e+00 0.000000000000000000e+00 -7.214781362563371658e-04
-1.279903173446655273e+00 0.000000000000000000e+00 0.000000000000000000e+00 0.000000000000000000e+00 -1.279903173446655273e+00 0.000000000000000000e+00 0.000000000000000000e+00 0.000000000000000000e+00 -6.938274018466472626e-04
-1.235437870025634766e+00 0.000000000000000000e+00 0.000000000000000000e+00 0.000000000000000000e+00 -1.235437870025634766e+00 0.000000000000000000e+00 0.000000000000000000e+00 0.000000000000000000e+00 -6.712691392749547958e-04
-1.192077994346618652e+00 0.000000000000000000e+00 0.000000000000000000e+00 0.000000000000000000e+00 -1.192077994346618652e+00 0.000000000000000000e+00 0.000000000000000000e+00 0.000000000000000000e+00 -6.722342222929000854e-04
-1.149791121482849121e+00 0.000000000000000000e+00 0.000000000000000000e+00 0.000000000000000000e+00 -1.149791121482849121e+00 0.000000000000000000e+00 0.000000000000000000e+00 0.000000000000000000e+00 -7.111150771379470825e-04
-1.108537197113037109e+00 0.000000000000000000e+00 0.000000000000000000e+00 0.000000000000000000e+00 -1.108537197113037109e+00 0.000000000000000000e+00 0.000000000000000000e+00 0.000000000000000000e+00 -8.155854884535074234e-04
-1.068264722824096680e+00 0.000000000000000000e+00 0.000000000000000000e+00 0.000000000000000000e+00 -1.068264722824096680e+00 0.000000000000000000e+00 0.000000000000000000e+00 0.000000000000000000e+00 -9.669775608927011490e-04
-1.028923630714416504e+00 0.000000000000000000e+00 0.000000000000000000e+00 0.000000000000000000e+00 -1.028923630714416504e+00 0.000000000000000000e+00 0.000000000000000000e+00 0.000000000000000000e+00 -1.184593536891043186e-03
-9.904557466506958008e-01 0.000000000000000000e+00 0.000000000000000000e+00 0.000000000000000000e+00 -9.904557466506958008e-01 0.000000000000000000e+00 0.000000000000000000e+00 0.000000000000000000e+00 -1.421961933374404907e-03
-9.528093338012695312e-01 0.000000000000000000e+00 0.000000000000000000e+00 0.000000000000000000e+00 -9.528093338012695312e-01 0.000000000000000000e+00 0.000000000000000000e+00 0.000000000000000000e+00 -1.694164238870143890e-03
-9.159314632415771484e-01 0.000000000000000000e+00 0.000000000000000000e+00 0.000000000000000000e+00 -9.159314632415771484e-01 0.000000000000000000e+00 0.000000000000000000e+00 0.000000000000000000e+00 -2.011828590184450150e-03
-8.797671198844909668e-01 0.000000000000000000e+00 0.000000000000000000e+00 0.000000000000000000e+00 -8.797671198844909668e-01 0.000000000000000000e+00 0.000000000000000000e+00 0.000000000000000000e+00 -2.325389999896287918e-03
-8.442676067352294922e-01 0.000000000000000000e+00 0.000000000000000000e+00 0.000000000000000000e+00 -8.442676067352294922e-01 0.000000000000000000e+00 0.000000000000000000e+00 0.000000000000000000e+00 -2.645377069711685181e-03
-8.093875646591186523e-01 0.000000000000000000e+00 0.000000000000000000e+00 0.000000000000000000e+00 -8.093875646591186523e-01 0.000000000000000000e+00 0.000000000000000000e+00 0.000000000000000000e+00 -2.962982747703790665e-03
-7.750831246376037598e-01 0.000000000000000000e+00 0.000000000000000000e+00 0.000000000000000000e+00 -7.750831246376037598e-01 0.000000000000000000e+00 0.000000000000000000e+00 0.000000000000000000e+00 -3.268936648964881897e-03
-7.413123846054077148e-01 0.000000000000000000e+00 0.000000000000000000e+00 0.000000000000000000e+00 -7.413123846054077148e-01 0.000000000000000000e+00 0.000000000000000000e+00 0.000000000000000000e+00 -3.534743329510092735e-03
-7.080438137054443359e-01 0.000000000000000000e+00 0.000000000000000000e+00 0.000000000000000000e+00 -7.080438137054443359e-01 0.000000000000000000e+00 0.000000000000000000e+00 0.000000000000000000e+00 -3.775256685912609100e-03
-6.752440333366394043e-01 0.000000000000000000e+00 0.000000000000000000e+00 0.000000000000000000e+00 -6.752440333366394043e-01 0.000000000000000000e+00 0.000000000000000000e+00 0.000000000000000000e+00 -3.984518349170684814e-03
-6.428825855255126953e-01 0.000000000000000000e+00 0.000000000000000000e+00 0.000000000000000000e+00 -6.428825855255126953e-01 0.000000000000000000e+00 0.000000000000000000e+00 0.000000000000000000e+00 -4.138154909014701843e-03
-6.109367012977600098e-01 0.000000000000000000e+00 0.000000000000000000e+00 0.000000000000000000e+00 -6.109367012977600098e-01 0.000000000000000000e+00 0.000000000000000000e+00 0.000000000000000000e+00 -4.253774415701627731e-03
-5.793821811676025391e-01 0.000000000000000000e+00 0.000000000000000000e+00 0.000000000000000000e+00 -5.793821811676025391e-01 0.000000000000000000e+00 0.000000000000000000e+00 0.000000000000000000e+00 -4.309541080147027969e-03
-5.481989383697509766e-01 0.000000000000000000e+00 0.000000000000000000e+00 0.000000000000000000e+00 -5.481989383697509766e-01 0.000000000000000000e+00 0.000000000000000000e+00 0.000000000000000000e+00 -4.305766429752111435e-03
-5.173736810684204102e-01 0.000000000000000000e+00 0.000000000000000000e+00 0.000000000000000000e+00 -5.173736810684204102e-01 0.000000000000000000e+00 0.000000000000000000e+00 0.000000000000000000e+00 -4.264530725777149200e-03
-4.868883490562438965e-01 0.000000000000000000e+00 0.000000000000000000e+00 0.000000000000000000e+00 -4.868883490562438965e-01 0.000000000000000000e+00 0.000000000000000000e+00 0.000000000000000000e+00 -4.167275037616491318e-03
-4.567287266254425049e-01 0.000000000000000000e+00 0.000000000000000000e+00 0.000000000000000000e+00 -4.567287266254425049e-01 0.000000000000000000e+00 0.000000000000000000e+00 0.000000000000000000e+00 -4.016250371932983398e-03
-4.268867671489715576e-01 0.000000000000000000e+00 0.000000000000000000e+00 0.000000000000000000e+00 -4.268867671489715576e-01 0.000000000000000000e+00 0.000000000000000000e+00 0.000000000000000000e+00 -3.836530493572354317e-03
-3.973456025123596191e-01 0.000000000000000000e+00 0.000000000000000000e+00 0.000000000000000000e+00 -3.973456025123596191e-01 0.000000000000000000e+00 0.000000000000000000e+00 0.000000000000000000e+00 -3.590722568333148956e-03
-3.681034445762634277e-01 0.000000000000000000e+00 0.000000000000000000e+00 0.000000000000000000e+00 -3.681034445762634277e-01 0.000000000000000000e+00 0.000000000000000000e+00 0.000000000000000000e+00 -3.327105659991502762e-03
-3.391426205635070801e-01 0.000000000000000000e+00 0.000000000000000000e+00 0.000000000000000000e+00 -3.391426205635070801e-01 0.000000000000000000e+00 0.000000000000000000e+00 0.000000000000000000e+00 -3.005736507475376129e-03
-3.104639649391174316e-01 0.000000000000000000e+00 0.000000000000000000e+00 0.000000000000000000e+00 -3.104639649391174316e-01 0.000000000000000000e+00 0.000000000000000000e+00 0.000000000000000000e+00 -2.678521675989031792e-03
-2.820500731468200684e-01 0.000000000000000000e+00 0.000000000000000000e+00 0.000000000000000000e+00 -2.820500731468200684e-01 0.000000000000000000e+00 0.000000000000000000e+00 0.000000000000000000e+00 -2.304024994373321533e-03
-2.539019882678985596e-01 0.000000000000000000e+00 0.000000000000000000e+00 0.000000000000000000e+00 -2.539019882678985596e-01 0.000000000000000000e+00 0.000000000000000000e+00 0.000000000000000000e+00 -1.934197149239480495e-03
-2.260039746761322021e-01 0.000000000000000000e+00 0.000000000000000000e+00 0.000000000000000000e+00 -2.260039746761322021e-01 0.000000000000000000e+00 0.000000000000000000e+00 0.000000000000000000e+00 -1.528483233414590359e-03
-1.983536779880523682e-01 0.000000000000000000e+00 0.000000000000000000e+00 0.000000000000000000e+00 -1.983536779880523682e-01 0.000000000000000000e+00 0.000000000000000000e+00 0.000000000000000000e+00 -1.115978695452213287e-03
-1.709416210651397705e-01 0.000000000000000000e+00 0.000000000000000000e+00 0.000000000000000000e+00 -1.709416210651397705e-01 0.000000000000000000e+00 0.000000000000000000e+00 0.000000000000000000e+00 -7.006384548731148243e-04
-1.437564045190811157e-01 0.000000000000000000e+00 0.000000000000000000e+00 0.000000000000000000e+00 -1.437564045190811157e-01 0.000000000000000000e+00 0.000000000000000000e+00 0.000000000000000000e+00 -2.635433629620820284e-04
-1.167943626642227173e-01 0.000000000000000000e+00 0.000000000000000000e+00 0.000000000000000000e+00 -1.167943626642227173e-01 0.000000000000000000e+00 0.000000000000000000e+00 0.000000000000000000e+00 1.666436291998252273e-04
-9.004786610603332520e-02 0.000000000000000000e+00 0.000000000000000000e+00 0.000000000000000000e+00 -9.004786610603332520e-02 0.000000000000000000e+00 0.000000000000000000e+00 0.000000000000000000e+00 5.866402061656117439e-04
-6.350456923246383667e-02 0.000000000000000000e+00 0.000000000000000000e+00 0.000000000000000000e+00 -6.350456923246383667e-02 0.000000000000000000e+00 0.000000000000000000e+00 0.000000000000000000e+00 1.015802379697561264e-03
-3.715570271015167236e-02 0.000000000000000000e+00 0.000000000000000000e+00 0.000000000000000000e+00 -3.715570271015167236e-02 0.000000000000000000e+00 0.000000000000000000e+00 0.000000000000000000e+00 1.451182295568287373e-03
-1.099980156868696213e-02 0.000000000000000000e+00 0.000000000000000000e+00 0.000000000000000000e+00 -1.099980156868696213e-02 0.000000000000000000e+00 0.000000000000000000e+00 0.000000000000000000e+00 1.844403566792607307e-03
1.498079579323530197e-02 0.000000000000000000e+00 0.000000000000000000e+00 0.000000000000000000e+00 1.498079579323530197e-02 0.000000000000000000e+00 0.000000000000000000e+00 0.000000000000000000e+00 2.256872830912470818e-03
4.078788310289382935e-02 0.000000000000000000e+00 0.000000000000000000e+00 0.000000000000000000e+00 4.078788310289382935e-02 0.000000000000000000e+00 0.000000000000000000e+00 0.000000000000000000e+00 2.649614354595541954e-03
6.643194705247879028e-02 0.000000000000000000e+00 0.000000000000000000e+00 0.000000000000000000e+00 6.643194705247879028e-02 0.000000000000000000e+00 0.000000000000000000e+00 0.000000000000000000e+00 3.028228413313627243e-03
9.192571043968200684e-02 0.000000000000000000e+00 0.000000000000000000e+00 0.000000000000000000e+00 9.192571043968200684e-02 0.000000000000000000e+00 0.000000000000000000e+00 0.000000000000000000e+00 3.400216577574610710e-03
1.172757148742675781e-01 0.000000000000000000e+00 0.000000000000000000e+00 0.000000000000000000e+00 1.172757148742675781e-01 0.000000000000000000e+00 0.000000000000000000e+00 0.000000000000000000e+00 3.756979946047067642e-03
1.425163596868515015e-01 0.000000000000000000e+00 0.000000000000000000e+00 0.000000000000000000e+00 1.425163596868515015e-01 0.000000000000000000e+00 0.000000000000000000e+00 0.000000000000000000e+00 4.108751192688941956e-03
1.676056385040283203e-01 0.000000000000000000e+00 0.000000000000000000e+00 0.000000000000000000e+00 1.676056385040283203e-01 0.000000000000000000e+00 0.000000000000000000e+00 0.000000000000000000e+00 4.441553261131048203e-03
1.925786584615707397e-01 0.000000000000000000e+00 0.000000000000000000e+00 0.000000000000000000e+00 1.925786584615707397e-01 0.000000000000000000e+00 0.000000000000000000e+00 0.000000000000000000e+00 4.761792253702878952e-03
2.174430936574935913e-01 0.000000000000000000e+00 0.000000000000000000e+00 0.000000000000000000e+00 2.174430936574935913e-01 0.000000000000000000e+00 0.000000000000000000e+00 0.000000000000000000e+00 5.070386454463005066e-03
2.422078251838684082e-01 0.000000000000000000e+00 0.000000000000000000e+00 0.000000000000000000e+00 2.422078251838684082e-01 0.000000000000000000e+00 0.000000000000000000e+00 0.000000000000000000e+00 5.365268327295780182e-03
2.668817043304443359e-01 0.000000000000000000e+00 0.000000000000000000e+00 0.000000000000000000e+00 2.668817043304443359e-01 0.000000000000000000e+00 0.000000000000000000e+00 0.000000000000000000e+00 5.650089122354984283e-03
2.914732396602630615e-01 0.000000000000000000e+00 0.000000000000000000e+00 0.000000000000000000e+00 2.914732396602630615e-01 0.000000000000000000e+00 0.000000000000000000e+00 0.000000000000000000e+00 5.925397388637065887e-03
3.159891366958618164e-01 0.000000000000000000e+00 0.000000000000000000e+00 0.000000000000000000e+00 3.159891366958618164e-01 0.000000000000000000e+00 0.000000000000000000e+00 0.000000000000000000e+00 6.186849903315305710e-03
3.404383361339569092e-01 0.000000000000000000e+00 0.000000000000000000e+00 0.000000000000000000e+00 3.404383361339569092e-01 0.000000000000000000e+00 0.000000000000000000e+00 0.000000000000000000e+00 6.439757067710161209e-03
3.648272156715393066e-01 0.000000000000000000e+00 0.000000000000000000e+00 0.000000000000000000e+00 3.648272156715393066e-01 0.000000000000000000e+00 0.000000000000000000e+00 0.000000000000000000e+00 6.681558210402727127e-03
3.891898989677429199e-01 0.000000000000000000e+00 0.000000000000000000e+00 0.000000000000000000e+00 3.891898989677429199e-01 0.000000000000000000e+00 0.000000000000000000e+00 0.000000000000000000e+00 6.918763276189565659e-03
4.134819507598876953e-01 0.000000000000000000e+00 0.000000000000000000e+00 0.000000000000000000e+00 4.134819507598876953e-01 0.000000000000000000e+00 0.000000000000000000e+00 0.000000000000000000e+00 7.136741653084754944e-03
4.377354681491851807e-01 0.000000000000000000e+00 0.000000000000000000e+00 0.000000000000000000e+00 4.377354681491851807e-01 0.000000000000000000e+00 0.000000000000000000e+00 0.000000000000000000e+00 7.343548350036144257e-03
4.619575142860412598e-01 0.000000000000000000e+00 0.000000000000000000e+00 0.000000000000000000e+00 4.619575142860412598e-01 0.000000000000000000e+00 0.000000000000000000e+00 0.000000000000000000e+00 7.538519334048032761e-03
4.861531853675842285e-01 0.000000000000000000e+00 0.000000000000000000e+00 0.000000000000000000e+00 4.861531853675842285e-01 0.000000000000000000e+00 0.000000000000000000e+00 0.000000000000000000e+00 7.716699037700891495e-03
5.103304982185363770e-01 0.000000000000000000e+00 0.000000000000000000e+00 0.000000000000000000e+00 5.103304982185363770e-01 0.000000000000000000e+00 0.000000000000000000e+00 0.000000000000000000e+00 7.882786914706230164e-03
5.344927310943603516e-01 0.000000000000000000e+00 0.000000000000000000e+00 0.000000000000000000e+00 5.344927310943603516e-01 0.000000000000000000e+00 0.000000000000000000e+00 0.000000000000000000e+00 8.029436692595481873e-03
5.586481690406799316e-01 0.000000000000000000e+00 0.000000000000000000e+00 0.000000000000000000e+00 5.586481690406799316e-01 0.000000000000000000e+00 0.000000000000000000e+00 0.000000000000000000e+00 8.162421174347400665e-03
5.827995538711547852e-01 0.000000000000000000e+00 0.000000000000000000e+00 0.000000000000000000e+00 5.827995538711547852e-01 0.000000000000000000e+00 0.000000000000000000e+00 0.000000000000000000e+00 8.271289989352226257e-03
6.069523096084594727e-01 0.000000000000000000e+00 0.000000000000000000e+00 0.000000000000000000e+00 6.069523096084594727e-01 0.000000000000000000e+00 0.000000000000000000e+00 0.000000000000000000e+00 8.355848491191864014e-03
6.311364173889160156e-01 0.000000000000000000e+00 0.000000000000000000e+00 0.000000000000000000e+00 6.311364173889160156e-01 0.000000000000000000e+00 0.000000000000000000e+00 0.000000000000000000e+00 8.423683233559131622e-03
6.553067564964294434e-01 0.000000000000000000e+00 0.000000000000000000e+00 0.000000000000000000e+00 6.553067564964294434e-01 0.000000000000000000e+00 0.000000000000000000e+00 0.000000000000000000e+00 8.455341681838035583e-03
6.794921159744262695e-01 0.000000000000000000e+00 0.000000000000000000e+00 0.000000000000000000e+00 6.794921159744262695e-01 0.000000000000000000e+00 0.000000000000000000e+00 0.000000000000000000e+00 8.454229682683944702e-03
7.036954760551452637e-01 0.000000000000000000e+00 0.000000000000000000e+00 0.000000000000000000e+00 7.036954760551452637e-01 0.000000000000000000e+00 0.000000000000000000e+00 0.000000000000000000e+00 8.415260352194309235e-03
7.279208898544311523e-01 0.000000000000000000e+00 0.000000000000000000e+00 0.000000000000000000e+00 7.279208898544311523e-01 0.000000000000000000e+00 0.000000000000000000e+00 0.000000000000000000e+00 8.333345875144004822e-03
7.521728277206420898e-01 0.000000000000000000e+00 0.000000000000000000e+00 0.000000000000000000e+00 7.521728277206420898e-01 0.000000000000000000e+00 0.000000000000000000e+00 0.000000000000000000e+00 8.207332342863082886e-03
7.764538526535034180e-01 0.000000000000000000e+00 0.000000000000000000e+00 0.000000000000000000e+00 7.764538526535034180e-01 0.000000000000000000e+00 0.000000000000000000e+00 0.000000000000000000e+00 8.030817843973636627e-03
8.007661700248718262e-01 0.000000000000000000e+00 0.000000000000000000e+00 0.000000000000000000e+00 8.007661700248718262e-01 0.000000000000000000e+00 0.000000000000000000e+00 0.000000000000000000e+00 7.797877769917249680e-03
8.251129984855651855e-01 0.000000000000000000e+00 0.000000000000000000e+00 0.000000000000000000e+00 8.251129984855651855e-01 0.000000000000000000e+00 0.000000000000000000e+00 0.000000000000000000e+00 7.501154672354459763e-03
8.494974374771118164e-01 0.000000000000000000e+00 0.000000000000000000e+00 0.000000000000000000e+00 8.494974374771118164e-01 0.000000000000000000e+00 0.000000000000000000e+00 0.000000000000000000e+00 7.138658780604600906e-03
8.739470839500427246e-01 0.000000000000000000e+00 0.000000000000000000e+00 0.000000000000000000e+00 8.739470839500427246e-01 0.000000000000000000e+00 0.000000000000000000e+00 0.000000000000000000e+00 6.708925589919090271e-03
8.984127640724182129e-01 0.000000000000000000e+00 0.000000000000000000e+00 0.000000000000000000e+00 8.984127640724182129e-01 0.000000000000000000e+00 0.000000000000000000e+00 0.000000000000000000e+00 6.188398227095603943e-03
9.229225516319274902e-01 0.000000000000000000e+00 0.000000000000000000e+00 0.000000000000000000e+00 9.229225516319274902e-01 0.000000000000000000e+00 0.000000000000000000e+00 0.000000000000000000e+00 5.579664837568998337e-03
9.474783539772033691e-01 0.000000000000000000e+00 0.000000000000000000e+00 0.000000000000000000e+00 9.474783539772033691e-01 0.000000000000000000e+00 0.000000000000000000e+00 0.000000000000000000e+00 4.874291829764842987e-03
9.720815420150756836e-01 0.000000000000000000e+00 0.000000000000000000e+00 0.000000000000000000e+00 9.720815420150756836e-01 0.000000000000000000e+00 0.000000000000000000e+00 0.000000000000000000e+00 4.063371103256940842e-03
9.967343807220458984e-01 0.000000000000000000e+00 0.000000000000000000e+00 0.000000000000000000e+00 9.967343807220458984e-01 0.000000000000000000e+00 0.000000000000000000e+00 0.000000000000000000e+00 3.142048371955752373e-03
1.021438121795654297e+00 0.000000000000000000e+00 0.000000000000000000e+00 0.000000000000000000e+00 1.021438121795654297e+00 0.000000000000000000e+00 0.000000000000000000e+00 0.000000000000000000e+00 2.098309108987450600e-03
1.046194791793823242e+00 0.000000000000000000e+00 0.000000000000000000e+00 0.000000000000000000e+00 1.046194791793823242e+00 0.000000000000000000e+00 0.000000000000000000e+00 0.000000000000000000e+00 9.265838889405131340e-04
1.071004033088684082e+00 0.000000000000000000e+00 0.000000000000000000e+00 0.000000000000000000e+00 1.071004033088684082e+00 0.000000000000000000e+00 0.000000000000000000e+00 0.000000000000000000e+00 -3.847799962386488914e-04
1.095869779586791992e+00 0.000000000000000000e+00 0.000000000000000000e+00 0.000000000000000000e+00 1.095869779586791992e+00 0.000000000000000000e+00 0.000000000000000000e+00 0.000000000000000000e+00 -1.841832185164093971e-03
1.120817065238952637e+00 0.000000000000000000e+00 0.000000000000000000e+00 0.000000000000000000e+00 1.120817065238952637e+00 0.000000000000000000e+00 0.000000000000000000e+00 0.000000000000000000e+00 -3.448276780545711517e-03
1.145797371864318848e+00 0.000000000000000000e+00 0.000000000000000000e+00 0.000000000000000000e+00 1.145797371864318848e+00 0.000000000000000000e+00 0.000000000000000000e+00 0.000000000000000000e+00 -5.230713635683059692e-03
1.170837044715881348e+00 0.000000000000000000e+00 0.000000000000000000e+00 0.000000000000000000e+00 1.170837044715881348e+00 0.000000000000000000e+00 0.000000000000000000e+00 0.000000000000000000e+00 -7.187121547758579254e-03
1.195936799049377441e+00 0.000000000000000000e+00 0.000000000000000000e+00 0.000000000000000000e+00 1.195936799049377441e+00 0.000000000000000000e+00 0.000000000000000000e+00 0.000000000000000000e+00 -9.328678250312805176e-03
1.221097826957702637e+00 0.000000000000000000e+00 0.000000000000000000e+00 0.000000000000000000e+00 1.221097826957702637e+00 0.000000000000000000e+00 0.000000000000000000e+00 0.000000000000000000e+00 -1.166883483529090881e-02
