1.676440238952636719e-03 -5.025457143783569336e-01 0.000000000000000000e+00 -5.017075538635253906e-01 1.676321029663085938e-03 0.000000000000000000e+00 0.000000000000000000e+00 0.000000000000000000e+00 4.340910911560058594e-02
1.684308052062988281e-03 -4.920629560947418213e-01 0.000000000000000000e+00 -4.912378787994384766e-01 1.684308052062988281e-03 0.000000000000000000e+00 0.000000000000000000e+00 0.000000000000000000e+00 4.172444343566894531e-02
1.693248748779296875e-03 -4.815968871116638184e-01 0.000000000000000000e+00 -4.807844758033752441e-01 1.693248748779296875e-03 0.000000000000000000e+00 0.000000000000000000e+00 0.000000000000000000e+00 4.007720947265625000e-02
1.702070236206054688e-03 -4.711475670337677002e-01 0.000000000000000000e+00 -4.703480601310729980e-01 1.702070236206054688e-03 0.000000000000000000e+00 0.000000000000000000e+00 0.000000000000000000e+00 3.846597671508789062e-02
1.711249351501464844e-03 -4.607146978378295898e-01 0.000000000000000000e+00 -4.599282741546630859e-01 1.711130142211914062e-03 0.000000000000000000e+00 0.000000000000000000e+00 0.000000000000000000e+00 3.689122200012207031e-02
1.720786094665527344e-03 -4.502986371517181396e-01 0.000000000000000000e+00 -4.495251178741455078e-01 1.720905303955078125e-03 0.000000000000000000e+00 0.000000000000000000e+00 0.000000000000000000e+00 3.535294532775878906e-02
1.729607582092285156e-03 -4.398990273475646973e-01 0.000000000000000000e+00 -4.391390085220336914e-01 1.729607582092285156e-03 0.000000000000000000e+00 0.000000000000000000e+00 0.000000000000000000e+00 3.384971618652343750e-02
1.739978790283203125e-03 -4.295158386230468750e-01 0.000000000000000000e+00 -4.287689328193664551e-01 1.739978790283203125e-03 0.000000000000000000e+00 0.000000000000000000e+00 0.000000000000000000e+00 3.238379955291748047e-02
1.748919486999511719e-03 -4.191489815711975098e-01 0.000000000000000000e+00 -4.184157848358154297e-01 1.749038696289062500e-03 0.000000000000000000e+00 0.000000000000000000e+00 0.000000000000000000e+00 3.095257282257080078e-02
1.758456230163574219e-03 -4.087981879711151123e-01 0.000000000000000000e+00 -4.080787599086761475e-01 1.758575439453125000e-03 0.000000000000000000e+00 0.000000000000000000e+00 0.000000000000000000e+00 2.955734729766845703e-02
1.768827438354492188e-03 -3.984635770320892334e-01 0.000000000000000000e+00 -3.977578878402709961e-01 1.768708229064941406e-03 0.000000000000000000e+00 0.000000000000000000e+00 0.000000000000000000e+00 2.819836139678955078e-02
1.778364181518554688e-03 -3.881449401378631592e-01 0.000000000000000000e+00 -3.874533474445343018e-01 1.778364181518554688e-03 0.000000000000000000e+00 0.000000000000000000e+00 0.000000000000000000e+00 2.687418460845947266e-02
1.788020133972167969e-03 -3.778420090675354004e-01 0.000000000000000000e+00 -3.771647512912750244e-01 1.788020133972167969e-03 0.000000000000000000e+00 0.000000000000000000e+00 0.000000000000000000e+00 2.558553218841552734e-02
1.797199249267578125e-03 -3.675547242164611816e-01 0.000000000000000000e+00 -3.668920993804931641e-01 1.797199249267578125e-03 0.000000000000000000e+00 0.000000000000000000e+00 0.000000000000000000e+00 2.433180809020996094e-02
1.806855201721191406e-03 -3.572828769683837891e-01 0.000000000000000000e+00 -3.566349446773529053e-01 1.806855201721191406e-03 0.000000000000000000e+00 0.000000000000000000e+00 0.000000000000000000e+00 2.311360836029052734e-02
1.816749572753906250e-03 -3.470262289047241211e-01 0.000000000000000000e+00 -3.463931083679199219e-01 1.816749572753906250e-03 0.000000000000000000e+00 0.000000000000000000e+00 0.000000000000000000e+00 2.193081378936767578e-02
1.826882362365722656e-03 -3.367845714092254639e-01 0.000000000000000000e+00 -3.361663818359375000e-01 1.826882362365722656e-03 0.000000000000000000e+00 0.000000000000000000e+00 0.000000000000000000e+00 2.078330516815185547e-02
1.835703849792480469e-03 -3.265576958656311035e-01 0.000000000000000000e+00 -3.259550631046295166e-01 1.835703849792480469e-03 0.000000000000000000e+00 0.000000000000000000e+00 0.000000000000000000e+00 1.966953277587890625e-02
1.844406127929687500e-03 -3.163453042507171631e-01 0.000000000000000000e+00 -3.157584667205810547e-01 1.844286918640136719e-03 0.000000000000000000e+00 0.000000000000000000e+00 0.000000000000000000e+00 1.859056949615478516e-02
1.854658126831054688e-03 -3.061472475528717041e-01 0.000000000000000000e+00 -3.055758178234100342e-01 1.854777336120605469e-03 0.000000000000000000e+00 0.000000000000000000e+00 0.000000000000000000e+00 1.754796504974365234e-02
1.863121986389160156e-03 -2.959631085395812988e-01 0.000000000000000000e+00 -2.954079210758209229e-01 1.863241195678710938e-03 0.000000000000000000e+00 0.000000000000000000e+00 0.000000000000000000e+00 1.653838157653808594e-02
1.871585845947265625e-03 -2.857924997806549072e-01 0.000000000000000000e+00 -2.852537333965301514e-01 1.871585845947265625e-03 0.000000000000000000e+00 0.000000000000000000e+00 0.000000000000000000e+00 1.556336879730224609e-02
1.881003379821777344e-03 -2.756354212760925293e-01 0.000000000000000000e+00 -2.751129567623138428e-01 1.881003379821777344e-03 0.000000000000000000e+00 0.000000000000000000e+00 0.000000000000000000e+00 1.462399959564208984e-02
1.888632774353027344e-03 -2.654914259910583496e-01 0.000000000000000000e+00 -2.649858891963958740e-01 1.888632774353027344e-03 0.000000000000000000e+00 0.000000000000000000e+00 0.000000000000000000e+00 1.371741294860839844e-02
1.897454261779785156e-03 -2.553600966930389404e-01 0.000000000000000000e+00 -2.548713684082031250e-01 1.897454261779785156e-03 0.000000000000000000e+00 0.000000000000000000e+00 0.000000000000000000e+00 1.284646987915039062e-02
1.905918121337890625e-03 -2.452411949634552002e-01 0.000000000000000000e+00 -2.447695583105087280e-01 1.905798912048339844e-03 0.000000000000000000e+00 0.000000000000000000e+00 0.000000000000000000e+00 1.200938224792480469e-02
1.913785934448242188e-03 -2.351343035697937012e-01 0.000000000000000000e+00 -2.346800118684768677e-01 1.913785934448242188e-03 0.000000000000000000e+00 0.000000000000000000e+00 0.000000000000000000e+00 1.120638847351074219e-02
1.920461654663085938e-03 -2.250389307737350464e-01 0.000000000000000000e+00 -2.246024608612060547e-01 1.920461654663085938e-03 0.000000000000000000e+00 0.000000000000000000e+00 0.000000000000000000e+00 1.043629646301269531e-02
1.927733421325683594e-03 -2.149549275636672974e-01 0.000000000000000000e+00 -2.145362496376037598e-01 1.927852630615234375e-03 0.000000000000000000e+00 0.000000000000000000e+00 0.000000000000000000e+00 9.701013565063476562e-03
1.934528350830078125e-03 -2.048816978931427002e-01 0.000000000000000000e+00 -2.044810950756072998e-01 1.934647560119628906e-03 0.000000000000000000e+00 0.000000000000000000e+00 0.000000000000000000e+00 8.999586105346679688e-03
1.940965652465820312e-03 -1.948188841342926025e-01 0.000000000000000000e+00 -1.944365501403808594e-01 1.940965652465820312e-03 0.000000000000000000e+00 0.000000000000000000e+00 0.000000000000000000e+00 8.331656455993652344e-03
1.947760581970214844e-03 -1.847660541534423828e-01 0.000000000000000000e+00 -1.844021230936050415e-01 1.947641372680664062e-03 0.000000000000000000e+00 0.000000000000000000e+00 0.000000000000000000e+00 7.698297500610351562e-03
1.953363418579101562e-03 -1.747228205204010010e-01 0.000000000000000000e+00 -1.743775308132171631e-01 1.953363418579101562e-03 0.000000000000000000e+00 0.000000000000000000e+00 0.000000000000000000e+00 7.097721099853515625e-03
1.959919929504394531e-03 -1.646886467933654785e-01 0.000000000000000000e+00 -1.643620133399963379e-01 1.959919929504394531e-03 0.000000000000000000e+00 0.000000000000000000e+00 0.000000000000000000e+00 6.532073020935058594e-03
1.964688301086425781e-03 -1.546631604433059692e-01 0.000000000000000000e+00 -1.543555259704589844e-01 1.964807510375976562e-03 0.000000000000000000e+00 0.000000000000000000e+00 0.000000000000000000e+00 5.998611450195312500e-03
1.970767974853515625e-03 -1.446458548307418823e-01 0.000000000000000000e+00 -1.443572044372558594e-01 1.970767974853515625e-03 0.000000000000000000e+00 0.000000000000000000e+00 0.000000000000000000e+00 5.500078201293945312e-03
1.974940299987792969e-03 -1.346362233161926270e-01 0.000000000000000000e+00 -1.343669295310974121e-01 1.974940299987792969e-03 0.000000000000000000e+00 0.000000000000000000e+00 0.000000000000000000e+00 5.033612251281738281e-03
1.980185508728027344e-03 -1.246338337659835815e-01 0.000000000000000000e+00 -1.243837997317314148e-01 1.980185508728027344e-03 0.000000000000000000e+00 0.000000000000000000e+00 0.000000000000000000e+00 4.601955413818359375e-03
1.983880996704101562e-03 -1.146381199359893799e-01 0.000000000000000000e+00 -1.144076734781265259e-01 1.983761787414550781e-03 0.000000000000000000e+00 0.000000000000000000e+00 0.000000000000000000e+00 4.202485084533691406e-03
1.987576484680175781e-03 -1.046486124396324158e-01 0.000000000000000000e+00 -1.044377982616424561e-01 1.987576484680175781e-03 0.000000000000000000e+00 0.000000000000000000e+00 0.000000000000000000e+00 3.836989402770996094e-03
1.991033554077148438e-03 -9.466439485549926758e-02 0.000000000000000000e+00 -9.447333216667175293e-02 1.991033554077148438e-03 0.000000000000000000e+00 0.000000000000000000e+00 0.000000000000000000e+00 3.504633903503417969e-03
1.994371414184570312e-03 -8.468575030565261841e-02 0.000000000000000000e+00 -8.451451361179351807e-02 1.994490623474121094e-03 0.000000000000000000e+00 0.000000000000000000e+00 0.000000000000000000e+00 3.206014633178710938e-03
1.997351646423339844e-03 -7.471171766519546509e-02 0.000000000000000000e+00 -7.456040382385253906e-02 1.997351646423339844e-03 0.000000000000000000e+00 0.000000000000000000e+00 0.000000000000000000e+00 2.940535545349121094e-03
1.999497413635253906e-03 -6.474182009696960449e-02 0.000000000000000000e+00 -6.461054086685180664e-02 1.999497413635253906e-03 0.000000000000000000e+00 0.000000000000000000e+00 0.000000000000000000e+00 2.707839012145996094e-03
2.001762390136718750e-03 -5.477548763155937195e-02 0.000000000000000000e+00 -5.466428399085998535e-02 2.001762390136718750e-03 0.000000000000000000e+00 0.000000000000000000e+00 0.000000000000000000e+00 2.508878707885742188e-03
2.003669738769531250e-03 -4.481207579374313354e-02 0.000000000000000000e+00 -4.472099989652633667e-02 2.003669738769531250e-03 0.000000000000000000e+00 0.000000000000000000e+00 0.000000000000000000e+00 2.343177795410156250e-03
2.005100250244140625e-03 -3.485126420855522156e-02 0.000000000000000000e+00 -3.478037193417549133e-02 2.005100250244140625e-03 0.000000000000000000e+00 0.000000000000000000e+00 0.000000000000000000e+00 2.210497856140136719e-03
2.005577087402343750e-03 -2.489237487316131592e-02 0.000000000000000000e+00 -2.484172768890857697e-02 2.005696296691894531e-03 0.000000000000000000e+00 0.000000000000000000e+00 0.000000000000000000e+00 2.110481262207031250e-03
2.006769180297851562e-03 -1.493487134575843811e-02 0.000000000000000000e+00 -1.490446552634239197e-02 2.006769180297851562e-03 0.000000000000000000e+00 0.000000000000000000e+00 0.000000000000000000e+00 2.044439315795898438e-03
2.007603645324707031e-03 -4.978207871317863464e-03 0.000000000000000000e+00 -4.968068562448024750e-03 2.007603645324707031e-03 0.000000000000000000e+00 0.000000000000000000e+00 0.000000000000000000e+00 2.011775970458984375e-03
2.007603645324707031e-03 4.978207871317863464e-03 0.000000000000000000e+00 4.968068562448024750e-03 2.007603645324707031e-03 0.000000000000000000e+00 0.000000000000000000e+00 0.000000000000000000e+00 2.011775970458984375e-03
2.006769180297851562e-03 1.493487134575843811e-02 0.000000000000000000e+00 1.490446552634239197e-02 2.006769180297851562e-03 0.000000000000000000e+00 0.000000000000000000e+00 0.000000000000000000e+00 2.044439315795898438e-03
2.005577087402343750e-03 2.489237487316131592e-02 0.000000000000000000e+00 2.484172768890857697e-02 2.005696296691894531e-03 0.000000000000000000e+00 0.000000000000000000e+00 0.000000000000000000e+00 2.110481262207031250e-03
2.005100250244140625e-03 3.485126420855522156e-02 0.000000000000000000e+00 3.478037193417549133e-02 2.005100250244140625e-03 0.000000000000000000e+00 0.000000000000000000e+00 0.000000000000000000e+00 2.210497856140136719e-03
2.003669738769531250e-03 4.481207579374313354e-02 0.000000000000000000e+00 4.472099989652633667e-02 2.003669738769531250e-03 0.000000000000000000e+00 0.000000000000000000e+00 0.000000000000000000e+00 2.343177795410156250e-03
2.001762390136718750e-03 5.477548763155937195e-02 0.000000000000000000e+00 5.466428399085998535e-02 2.001762390136718750e-03 0.000000000000000000e+00 0.000000000000000000e+00 0.000000000000000000e+00 2.508878707885742188e-03
1.999497413635253906e-03 6.474182009696960449e-02 0.000000000000000000e+00 6.461054086685180664e-02 1.999497413635253906e-03 0.000000000000000000e+00 0.000000000000000000e+00 0.000000000000000000e+00 2.707839012145996094e-03
1.997351646423339844e-03 7.471171766519546509e-02 0.000000000000000000e+00 7.456040382385253906e-02 1.997351646423339844e-03 0.000000000000000000e+00 0.000000000000000000e+00 0.000000000000000000e+00 2.940535545349121094e-03
1.994371414184570312e-03 8.468575030565261841e-02 0.000000000000000000e+00 8.451451361179351807e-02 1.994490623474121094e-03 0.000000000000000000e+00 0.000000000000000000e+00 0.000000000000000000e+00 3.206014633178710938e-03
1.991033554077148438e-03 9.466439485549926758e-02 0.000000000000000000e+00 9.447333216667175293e-02 1.991033554077148438e-03 0.000000000000000000e+00 0.000000000000000000e+00 0.000000000000000000e+00 3.504633903503417969e-03
1.987576484680175781e-03 1.046486124396324158e-01 0.000000000000000000e+00 1.044377982616424561e-01 1.987576484680175781e-03 0.000000000000000000e+00 0.000000000000000000e+00 0.000000000000000000e+00 3.836989402770996094e-03
1.983880996704101562e-03 1.146381199359893799e-01 0.000000000000000000e+00 1.144076734781265259e-01 1.983761787414550781e-03 0.000000000000000000e+00 0.000000000000000000e+00 0.000000000000000000e+00 4.202485084533691406e-03
1.980185508728027344e-03 1.246338337659835815e-01 0.000000000000000000e+00 1.243837997317314148e-01 1.980185508728027344e-03 0.000000000000000000e+00 0.000000000000000000e+00 0.000000000000000000e+00 4.601955413818359375e-03
1.974940299987792969e-03 1.346362233161926270e-01 0.000000000000000000e+00 1.343669295310974121e-01 1.974940299987792969e-03 0.000000000000000000e+00 0.000000000000000000e+00 0.000000000000000000e+00 5.033612251281738281e-03
1.970767974853515625e-03 1.446458548307418823e-01 0.000000000000000000e+00 1.443572044372558594e-01 1.970767974853515625e-03 0.000000000000000000e+00 0.000000000000000000e+00 0.000000000000000000e+00 5.500078201293945312e-03
1.964688301086425781e-03 1.546631604433059692e-01 0.000000000000000000e+00 1.543555259704589844e-01 1.964807510375976562e-03 0.000000000000000000e+00 0.000000000000000000e+00 0.000000000000000000e+00 5.998611450195312500e-03
1.959919929504394531e-03 1.646886467933654785e-01 0.000000000000000000e+00 1.643620133399963379e-01 1.959919929504394531e-03 0.000000000000000000e+00 0.000000000000000000e+00 0.000000000000000000e+00 6.532073020935058594e-03
1.953363418579101562e-03 1.747228205204010010e-01 0.000000000000000000e+00 1.743775308132171631e-01 1.953363418579101562e-03 0.000000000000000000e+00 0.000000000000000000e+00 0.000000000000000000e+00 7.097721099853515625e-03
1.947760581970214844e-03 1.847660541534423828e-01 0.000000000000000000e+00 1.844021230936050415e-01 1.947641372680664062e-03 0.000000000000000000e+00 0.000000000000000000e+00 0.000000000000000000e+00 7.698297500610351562e-03
1.940965652465820312e-03 1.948188841342926025e-01 0.000000000000000000e+00 1.944365501403808594e-01 1.940965652465820312e-03 0.000000000000000000e+00 0.000000000000000000e+00 0.000000000000000000e+00 8.331656455993652344e-03
1.934528350830078125e-03 2.048816978931427002e-01 0.000000000000000000e+00 2.044810950756072998e-01 1.934647560119628906e-03 0.000000000000000000e+00 0.000000000000000000e+00 0.000000000000000000e+00 8.999586105346679688e-03
1.927733421325683594e-03 2.149549275636672974e-01 0.000000000000000000e+00 2.145362496376037598e-01 1.927852630615234375e-03 0.000000000000000000e+00 0.000000000000000000e+00 0.000000000000000000e+00 9.701013565063476562e-03
1.920461654663085938e-03 2.250389307737350464e-01 0.000000000000000000e+00 2.246024608612060547e-01 1.920461654663085938e-03 0.000000000000000000e+00 0.000000000000000000e+00 0.000000000000000000e+00 1.043629646301269531e-02
1.913785934448242188e-03 2.351343035697937012e-01 0.000000000000000000e+00 2.346800118684768677e-01 1.913785934448242188e-03 0.000000000000000000e+00 0.000000000000000000e+00 0.000000000000000000e+00 1.120638847351074219e-02
1.905918121337890625e-03 2.452411949634552002e-01 0.000000000000000000e+00 2.447695583105087280e-01 1.905798912048339844e-03 0.000000000000000000e+00 0.000000000000000000e+00 0.000000000000000000e+00 1.200938224792480469e-02
1.897454261779785156e-03 2.553600966930389404e-01 0.000000000000000000e+00 2.548713684082031250e-01 1.897454261779785156e-03 0.000000000000000000e+00 0.000000000000000000e+00 0.000000000000000000e+00 1.284646987915039062e-02
1.888632774353027344e-03 2.654914259910583496e-01 0.000000000000000000e+00 2.649858891963958740e-01 1.888632774353027344e-03 0.000000000000000000e+00 0.000000000000000000e+00 0.000000000000000000e+00 1.371741294860839844e-02
1.881003379821777344e-03 2.756354212760925293e-01 0.000000000000000000e+00 2.751129567623138428e-01 1.881003379821777344e-03 0.000000000000000000e+00 0.000000000000000000e+00 0.000000000000000000e+00 1.462399959564208984e-02
1.871585845947265625e-03 2.857924997806549072e-01 0.000000000000000000e+00 2.852537333965301514e-01 1.871585845947265625e-03 0.000000000000000000e+00 0.000000000000000000e+00 0.000000000000000000e+00 1.556336879730224609e-02
1.863121986389160156e-03 2.959631085395812988e-01 0.000000000000000000e+00 2.954079210758209229e-01 1.863241195678710938e-03 0.000000000000000000e+00 0.000000000000000000e+00 0.000000000000000000e+00 1.653838157653808594e-02
1.854658126831054688e-03 3.061472475528717041e-01 0.000000000000000000e+00 3.055758178234100342e-01 1.854777336120605469e-03 0.000000000000000000e+00 0.000000000000000000e+00 0.000000000000000000e+00 1.754796504974365234e-02
1.844406127929687500e-03 3.163453042507171631e-01 0.000000000000000000e+00 3.157584667205810547e-01 1.844286918640136719e-03 0.000000000000000000e+00 0.000000000000000000e+00 0.000000000000000000e+00 1.859056949615478516e-02
1.835703849792480469e-03 3.265576958656311035e-01 0.000000000000000000e+00 3.259550631046295166e-01 1.835703849792480469e-03 0.000000000000000000e+00 0.000000000000000000e+00 0.000000000000000000e+00 1.966953277587890625e-02
1.826882362365722656e-03 3.367845714092254639e-01 0.000000000000000000e+00 3.361663818359375000e-01 1.826882362365722656e-03 0.000000000000000000e+00 0.000000000000000000e+00 0.000000000000000000e+00 2.078330516815185547e-02
1.816749572753906250e-03 3.470262289047241211e-01 0.000000000000000000e+00 3.463931083679199219e-01 1.816749572753906250e-03 0.000000000000000000e+00 0.000000000000000000e+00 0.000000000000000000e+00 2.193081378936767578e-02
1.806855201721191406e-03 3.572828769683837891e-01 0.000000000000000000e+00 3.566349446773529053e-01 1.806855201721191406e-03 0.000000000000000000e+00 0.000000000000000000e+00 0.000000000000000000e+00 2.311360836029052734e-02
1.797199249267578125e-03 3.675547242164611816e-01 0.000000000000000000e+00 3.668920993804931641e-01 1.797199249267578125e-03 0.000000000000000000e+00 0.000000000000000000e+00 0.000000000000000000e+00 2.433180809020996094e-02
1.788020133972167969e-03 3.778420090675354004e-01 0.000000000000000000e+00 3.771647512912750244e-01 1.788020133972167969e-03 0.000000000000000000e+00 0.000000000000000000e+00 0.000000000000000000e+00 2.558553218841552734e-02
1.778364181518554688e-03 3.881449401378631592e-01 0.000000000000000000e+00 3.874533474445343018e-01 1.778364181518554688e-03 0.000000000000000000e+00 0.000000000000000000e+00 0.000000000000000000e+00 2.687418460845947266e-02
1.768827438354492188e-03 3.984635770320892334e-01 0.000000000000000000e+00 3.977578878402709961e-01 1.768708229064941406e-03 0.000000000000000000e+00 0.000000000000000000e+00 0.000000000000000000e+00 2.819836139678955078e-02
1.758456230163574219e-03 4.087981879711151123e-01 0.000000000000000000e+00 4.080787599086761475e-01 1.758575439453125000e-03 0.000000000000000000e+00 0.000000000000000000e+00 0.000000000000000000e+00 2.955734729766845703e-02
1.748919486999511719e-03 4.191489815711975098e-01 0.000000000000000000e+00 4.184157848358154297e-01 1.749038696289062500e-03 0.000000000000000000e+00 0.000000000000000000e+00 0.000000000000000000e+00 3.095257282257080078e-02
1.739978790283203125e-03 4.295158386230468750e-01 0.000000000000000000e+00 4.287689328193664551e-01 1.739978790283203125e-03 0.000000000000000000e+00 0.000000000000000000e+00 0.000000000000000000e+00 3.238379955291748047e-02
1.729607582092285156e-03 4.398990273475646973e-01 0.000000000000000000e+00 4.391390085220336914e-01 1.729607582092285156e-03 0.000000000000000000e+00 0.000000000000000000e+00 0.000000000000000000e+00 3.384971618652343750e-02
1.720786094665527344e-03 4.502986371517181396e-01 0.000000000000000000e+00 4.495251178741455078e-01 1.720905303955078125e-03 0.000000000000000000e+00 0.000000000000000000e+00 0.000000000000000000e+00 3.535294532775878906e-02
1.711249351501464844e-03 4.607146978378295898e-01 0.000000000000000000e+00 4.599282741546630859e-01 1.711130142211914062e-03 0.000000000000000000e+00 0.000000000000000000e+00 0.000000000000000000e+00 3.689122200012207031e-02
1.702070236206054688e-03 4.711475670337677002e-01 0.000000000000000000e+00 4.703480601310729980e-01 1.702070236206054688e-03 0.000000000000000000e+00 0.000000000000000000e+00 0.000000000000000000e+00 3.846597671508789062e-02
1.693248748779296875e-03 4.815968871116638184e-01 0.000000000000000000e+00 4.807844758033752441e-01 1.693248748779296875e-03 0.000000000000000000e+00 0.000000000000000000e+00 0.000000000000000000e+00 4.007720947265625000e-02
1.684308052062988281e-03 4.920629560947418213e-01 0.000000000000000000e+00 4.912378787994384766e-01 1.684308052062988281e-03 0.000000000000000000e+00 0.000000000000000000e+00 0.000000000000000000e+00 4.172444343566894531e-02
1.676440238952636719e-03 5.025457143783569336e-01 0.000000000000000000e+00 5.017075538635253906e-01 1.676321029663085938e-03 0.000000000000000000e+00 0.000000000000000000e+00 0.000000000000000000e+00 4.340910911560058594e-02
