-1.729059338569641113e+00 0.000000000000000000e+00 0.000000000000000000e+00 0.000000000000000000e+00 9.270400740206241608e-03 0.000000000000000000e+00 0.000000000000000000e+00 0.000000000000000000e+00 9.270400740206241608e-03
-1.670977234840393066e+00 0.000000000000000000e+00 0.000000000000000000e+00 0.000000000000000000e+00 8.365339599549770355e-03 0.000000000000000000e+00 0.000000000000000000e+00 0.000000000000000000e+00 8.365339599549770355e-03
-1.614727497100830078e+00 0.000000000000000000e+00 0.000000000000000000e+00 0.000000000000000000e+00 7.505328860133886337e-03 0.000000000000000000e+00 0.000000000000000000e+00 0.000000000000000000e+00 7.505328860133886337e-03
-1.560202598571777344e+00 0.000000000000000000e+00 0.000000000000000000e+00 0.000000000000000000e+00 6.666657980531454086e-03 0.000000000000000000e+00 0.000000000000000000e+00 0.000000000000000000e+00 6.666657980531454086e-03
-1.507294774055480957e+00 0.000000000000000000e+00 0.000000000000000000e+00 0.000000000000000000e+00 5.902438424527645111e-03 0.000000000000000000e+00 0.000000000000000000e+00 0.000000000000000000e+00 5.902438424527645111e-03
-1.455917000770568848e+00 0.000000000000000000e+00 0.000000000000000000e+00 0.000000000000000000e+00 5.163005553185939789e-03 0.000000000000000000e+00 0.000000000000000000e+00 0.000000000000000000e+00 5.163005553185939789e-03
-1.405982851982116699e+00 0.000000000000000000e+00 0.000000000000000000e+00 0.000000000000000000e+00 4.448995459824800491e-03 0.000000000000000000e+00 0.000000000000000000e+00 0.000000000000000000e+00 4.448995459824800491e-03
-1.357408404350280762e+00 0.000000000000000000e+00 0.000000000000000000e+00 0.000000000000000000e+00 3.812249982729554176e-03 0.000000000000000000e+00 0.000000000000000000e+00 0.000000000000000000e+00 3.812249982729554176e-03
-1.310127615928649902e+00 0.000000000000000000e+00 0.000000000000000000e+00 0.000000000000000000e+00 3.200486069545149803e-03 0.000000000000000000e+00 0.000000000000000000e+00 0.000000000000000000e+00 3.200486069545149803e-03
-1.264070749282836914e+00 0.000000000000000000e+00 0.000000000000000000e+00 0.000000000000000000e+00 2.639888552948832512e-03 0.000000000000000000e+00 0.000000000000000000e+00 0.000000000000000000e+00 2.639888552948832512e-03
-1.219176054000854492e+00 0.000000000000000000e+00 0.000000000000000000e+00 0.000000000000000000e+00 2.128646243363618851e-03 0.000000000000000000e+00 0.000000000000000000e+00 0.000000000000000000e+00 2.128646243363618851e-03
-1.175388693809509277e+00 0.000000000000000000e+00 0.000000000000000000e+00 0.000000000000000000e+00 1.641751499846577644e-03 0.000000000000000000e+00 0.000000000000000000e+00 0.000000000000000000e+00 1.641751499846577644e-03
-1.132652044296264648e+00 0.000000000000000000e+00 0.000000000000000000e+00 0.000000000000000000e+00 1.203374587930738926e-03 0.000000000000000000e+00 0.000000000000000000e+00 0.000000000000000000e+00 1.203374587930738926e-03
-1.090916752815246582e+00 0.000000000000000000e+00 0.000000000000000000e+00 0.000000000000000000e+00 8.119804551824927330e-04 0.000000000000000000e+00 0.000000000000000000e+00 0.000000000000000000e+00 8.119804551824927330e-04
-1.050138473510742188e+00 0.000000000000000000e+00 0.000000000000000000e+00 0.000000000000000000e+00 4.654169315472245216e-04 0.000000000000000000e+00 0.000000000000000000e+00 0.000000000000000000e+00 4.654169315472245216e-04
-1.010276436805725098e+00 0.000000000000000000e+00 0.000000000000000000e+00 0.000000000000000000e+00 1.371611288050189614e-04 0.000000000000000000e+00 0.000000000000000000e+00 0.000000000000000000e+00 1.371611288050189614e-04
-9.712833762168884277e-01 0.000000000000000000e+00 0.000000000000000000e+00 0.000000000000000000e+00 -1.234138180734589696e-04 0.000000000000000000e+00 0.000000000000000000e+00 0.000000000000000000e+00 -1.234138180734589696e-04
-9.331303834915161133e-01 0.000000000000000000e+00 0.000000000000000000e+00 0.000000000000000000e+00 -3.694777260534465313e-04 0.000000000000000000e+00 0.000000000000000000e+00 0.000000000000000000e+00 -3.694777260534465313e-04
-8.957754373550415039e-01 0.000000000000000000e+00 0.000000000000000000e+00 0.000000000000000000e+00 -5.761617794632911682e-04 0.000000000000000000e+00 0.000000000000000000e+00 0.000000000000000000e+00 -5.761617794632911682e-04
-8.591933250427246094e-01 0.000000000000000000e+00 0.000000000000000000e+00 0.000000000000000000e+00 -7.724260794930160046e-04 0.000000000000000000e+00 0.000000000000000000e+00 0.000000000000000000e+00 -7.724260794930160046e-04
-8.233422040939331055e-01 0.000000000000000000e+00 0.000000000000000000e+00 0.000000000000000000e+00 -9.074246045202016830e-04 0.000000000000000000e+00 0.000000000000000000e+00 0.000000000000000000e+00 -9.074246045202016830e-04
-7.882036566734313965e-01 0.000000000000000000e+00 0.000000000000000000e+00 0.000000000000000000e+00 -1.036268426105380058e-03 0.000000000000000000e+00 0.000000000000000000e+00 0.000000000000000000e+00 -1.036268426105380058e-03
-7.537426352500915527e-01 0.000000000000000000e+00 0.000000000000000000e+00 0.000000000000000000e+00 -1.132714329287409782e-03 0.000000000000000000e+00 0.000000000000000000e+00 0.000000000000000000e+00 -1.132714329287409782e-03
-7.199354767799377441e-01 0.000000000000000000e+00 0.000000000000000000e+00 0.000000000000000000e+00 -1.200352096930146217e-03 0.000000000000000000e+00 0.000000000000000000e+00 0.000000000000000000e+00 -1.200352096930146217e-03
-6.867564320564270020e-01 0.000000000000000000e+00 0.000000000000000000e+00 0.000000000000000000e+00 -1.240276498720049858e-03 0.000000000000000000e+00 0.000000000000000000e+00 0.000000000000000000e+00 -1.240276498720049858e-03
-6.541816592216491699e-01 0.000000000000000000e+00 0.000000000000000000e+00 0.000000000000000000e+00 -1.253709779120981693e-03 0.000000000000000000e+00 0.000000000000000000e+00 0.000000000000000000e+00 -1.253709779120981693e-03
-6.221905946731567383e-01 0.000000000000000000e+00 0.000000000000000000e+00 0.000000000000000000e+00 -1.243549631908535957e-03 0.000000000000000000e+00 0.000000000000000000e+00 0.000000000000000000e+00 -1.243549631908535957e-03
-5.907645225524902344e-01 0.000000000000000000e+00 0.000000000000000000e+00 0.000000000000000000e+00 -1.235121628269553185e-03 0.000000000000000000e+00 0.000000000000000000e+00 0.000000000000000000e+00 -1.235121628269553185e-03
-5.598753094673156738e-01 0.000000000000000000e+00 0.000000000000000000e+00 0.000000000000000000e+00 -1.180054852738976479e-03 0.000000000000000000e+00 0.000000000000000000e+00 0.000000000000000000e+00 -1.180054852738976479e-03
-5.295151472091674805e-01 0.000000000000000000e+00 0.000000000000000000e+00 0.000000000000000000e+00 -1.132305944338440895e-03 0.000000000000000000e+00 0.000000000000000000e+00 0.000000000000000000e+00 -1.132305944338440895e-03
-4.996532499790191650e-01 0.000000000000000000e+00 0.000000000000000000e+00 0.000000000000000000e+00 -1.039703493006527424e-03 0.000000000000000000e+00 0.000000000000000000e+00 0.000000000000000000e+00 -1.039703493006527424e-03
-4.702850282192230225e-01 0.000000000000000000e+00 0.000000000000000000e+00 0.000000000000000000e+00 -9.570441325195133686e-04 0.000000000000000000e+00 0.000000000000000000e+00 0.000000000000000000e+00 -9.570441325195133686e-04
-4.413871169090270996e-01 0.000000000000000000e+00 0.000000000000000000e+00 0.000000000000000000e+00 -8.593546226620674133e-04 0.000000000000000000e+00 0.000000000000000000e+00 0.000000000000000000e+00 -8.593546226620674133e-04
-4.129444062709808350e-01 0.000000000000000000e+00 0.000000000000000000e+00 0.000000000000000000e+00 -7.470647105947136879e-04 0.000000000000000000e+00 0.000000000000000000e+00 0.000000000000000000e+00 -7.470647105947136879e-04
-3.849426209926605225e-01 0.000000000000000000e+00 0.000000000000000000e+00 0.000000000000000000e+00 -6.228733691386878490e-04 0.000000000000000000e+00 0.000000000000000000e+00 0.000000000000000000e+00 -6.228733691386878490e-04
-3.573661446571350098e-01 0.000000000000000000e+00 0.000000000000000000e+00 0.000000000000000000e+00 -4.873366560786962509e-04 0.000000000000000000e+00 0.000000000000000000e+00 0.000000000000000000e+00 -4.873366560786962509e-04
-3.302020430564880371e-01 0.000000000000000000e+00 0.000000000000000000e+00 0.000000000000000000e+00 -3.416096733417361975e-04 0.000000000000000000e+00 0.000000000000000000e+00 0.000000000000000000e+00 -3.416096733417361975e-04
-3.034377992153167725e-01 0.000000000000000000e+00 0.000000000000000000e+00 0.000000000000000000e+00 -1.880427880678325891e-04 0.000000000000000000e+00 0.000000000000000000e+00 0.000000000000000000e+00 -1.880427880678325891e-04
-2.770591378211975098e-01 0.000000000000000000e+00 0.000000000000000000e+00 0.000000000000000000e+00 -2.612775642774067819e-05 0.000000000000000000e+00 0.000000000000000000e+00 0.000000000000000000e+00 -2.612775642774067819e-05
-2.510557770729064941e-01 0.000000000000000000e+00 0.000000000000000000e+00 0.000000000000000000e+00 1.416609447915107012e-04 0.000000000000000000e+00 0.000000000000000000e+00 0.000000000000000000e+00 1.416609447915107012e-04
-2.254164814949035645e-01 0.000000000000000000e+00 0.000000000000000000e+00 0.000000000000000000e+00 3.133234276901930571e-04 0.000000000000000000e+00 0.000000000000000000e+00 0.000000000000000000e+00 3.133234276901930571e-04
-2.001273781061172485e-01 0.000000000000000000e+00 0.000000000000000000e+00 0.000000000000000000e+00 4.903149092569947243e-04 0.000000000000000000e+00 0.000000000000000000e+00 0.000000000000000000e+00 4.903149092569947243e-04
-1.751817464828491211e-01 0.000000000000000000e+00 0.000000000000000000e+00 0.000000000000000000e+00 6.687241839244961739e-04 0.000000000000000000e+00 0.000000000000000000e+00 0.000000000000000000e+00 6.687241839244961739e-04
-1.505604982376098633e-01 0.000000000000000000e+00 0.000000000000000000e+00 0.000000000000000000e+00 8.745603845454752445e-04 0.000000000000000000e+00 0.000000000000000000e+00 0.000000000000000000e+00 8.745603845454752445e-04
-1.262672990560531616e-01 0.000000000000000000e+00 0.000000000000000000e+00 0.000000000000000000e+00 1.054674037732183933e-03 0.000000000000000000e+00 0.000000000000000000e+00 0.000000000000000000e+00 1.054674037732183933e-03
-1.022853329777717590e-01 0.000000000000000000e+00 0.000000000000000000e+00 0.000000000000000000e+00 1.234475173987448215e-03 0.000000000000000000e+00 0.000000000000000000e+00 0.000000000000000000e+00 1.234475173987448215e-03
-7.860740274190902710e-02 0.000000000000000000e+00 0.000000000000000000e+00 0.000000000000000000e+00 1.411476521752774715e-03 0.000000000000000000e+00 0.000000000000000000e+00 0.000000000000000000e+00 1.411476521752774715e-03
-5.521693825721740723e-02 0.000000000000000000e+00 0.000000000000000000e+00 0.000000000000000000e+00 1.611442537978291512e-03 0.000000000000000000e+00 0.000000000000000000e+00 0.000000000000000000e+00 1.611442537978291512e-03
-3.211904317140579224e-02 0.000000000000000000e+00 0.000000000000000000e+00 0.000000000000000000e+00 1.780265476554632187e-03 0.000000000000000000e+00 0.000000000000000000e+00 0.000000000000000000e+00 1.780265476554632187e-03
-9.291648864746093750e-03 0.000000000000000000e+00 0.000000000000000000e+00 0.000000000000000000e+00 1.970648532733321190e-03 0.000000000000000000e+00 0.000000000000000000e+00 0.000000000000000000e+00 1.970648532733321190e-03
1.326310634613037109e-02 0.000000000000000000e+00 0.000000000000000000e+00 0.000000000000000000e+00 2.143383258953690529e-03 0.000000000000000000e+00 0.000000000000000000e+00 0.000000000000000000e+00 2.143383258953690529e-03
3.555584698915481567e-02 0.000000000000000000e+00 0.000000000000000000e+00 0.000000000000000000e+00 2.316003898158669472e-03 0.000000000000000000e+00 0.000000000000000000e+00 0.000000000000000000e+00 2.316003898158669472e-03
5.759420618414878845e-02 0.000000000000000000e+00 0.000000000000000000e+00 0.000000000000000000e+00 2.481724834069609642e-03 0.000000000000000000e+00 0.000000000000000000e+00 0.000000000000000000e+00 2.481724834069609642e-03
7.938606292009353638e-02 0.000000000000000000e+00 0.000000000000000000e+00 0.000000000000000000e+00 2.641866216436028481e-03 0.000000000000000000e+00 0.000000000000000000e+00 0.000000000000000000e+00 2.641866216436028481e-03
1.009382158517837524e-01 0.000000000000000000e+00 0.000000000000000000e+00 0.000000000000000000e+00 2.793693915009498596e-03 0.000000000000000000e+00 0.000000000000000000e+00 0.000000000000000000e+00 2.793693915009498596e-03
1.222805976867675781e-01 0.000000000000000000e+00 0.000000000000000000e+00 0.000000000000000000e+00 2.942460589110851288e-03 0.000000000000000000e+00 0.000000000000000000e+00 0.000000000000000000e+00 2.942460589110851288e-03
1.433723270893096924e-01 0.000000000000000000e+00 0.000000000000000000e+00 0.000000000000000000e+00 3.074582433328032494e-03 0.000000000000000000e+00 0.000000000000000000e+00 0.000000000000000000e+00 3.074582433328032494e-03
1.642461717128753662e-01 0.000000000000000000e+00 0.000000000000000000e+00 0.000000000000000000e+00 3.200674895197153091e-03 0.000000000000000000e+00 0.000000000000000000e+00 0.000000000000000000e+00 3.200674895197153091e-03
1.849053800106048584e-01 0.000000000000000000e+00 0.000000000000000000e+00 0.000000000000000000e+00 3.312756074592471123e-03 0.000000000000000000e+00 0.000000000000000000e+00 0.000000000000000000e+00 3.312756074592471123e-03
2.053576856851577759e-01 0.000000000000000000e+00 0.000000000000000000e+00 0.000000000000000000e+00 3.415479790419340134e-03 0.000000000000000000e+00 0.000000000000000000e+00 0.000000000000000000e+00 3.415479790419340134e-03
2.256078571081161499e-01 0.000000000000000000e+00 0.000000000000000000e+00 0.000000000000000000e+00 3.504796884953975677e-03 0.000000000000000000e+00 0.000000000000000000e+00 0.000000000000000000e+00 3.504796884953975677e-03
2.456623464822769165e-01 0.000000000000000000e+00 0.000000000000000000e+00 0.000000000000000000e+00 3.579757176339626312e-03 0.000000000000000000e+00 0.000000000000000000e+00 0.000000000000000000e+00 3.579757176339626312e-03
2.655261456966400146e-01 0.000000000000000000e+00 0.000000000000000000e+00 0.000000000000000000e+00 3.641079412773251534e-03 0.000000000000000000e+00 0.000000000000000000e+00 0.000000000000000000e+00 3.641079412773251534e-03
2.852051258087158203e-01 0.000000000000000000e+00 0.000000000000000000e+00 0.000000000000000000e+00 3.686262294650077820e-03 0.000000000000000000e+00 0.000000000000000000e+00 0.000000000000000000e+00 3.686262294650077820e-03
3.047038912773132324e-01 0.000000000000000000e+00 0.000000000000000000e+00 0.000000000000000000e+00 3.714950988069176674e-03 0.000000000000000000e+00 0.000000000000000000e+00 0.000000000000000000e+00 3.714950988069176674e-03
3.240487873554229736e-01 0.000000000000000000e+00 0.000000000000000000e+00 0.000000000000000000e+00 3.731916658580303192e-03 0.000000000000000000e+00 0.000000000000000000e+00 0.000000000000000000e+00 3.731916658580303192e-03
3.432030379772186279e-01 0.000000000000000000e+00 0.000000000000000000e+00 0.000000000000000000e+00 3.724164562299847603e-03 0.000000000000000000e+00 0.000000000000000000e+00 0.000000000000000000e+00 3.724164562299847603e-03
3.621940910816192627e-01 0.000000000000000000e+00 0.000000000000000000e+00 0.000000000000000000e+00 3.701353911310434341e-03 0.000000000000000000e+00 0.000000000000000000e+00 0.000000000000000000e+00 3.701353911310434341e-03
3.810240030288696289e-01 0.000000000000000000e+00 0.000000000000000000e+00 0.000000000000000000e+00 3.655259264633059502e-03 0.000000000000000000e+00 0.000000000000000000e+00 0.000000000000000000e+00 3.655259264633059502e-03
3.996991515159606934e-01 0.000000000000000000e+00 0.000000000000000000e+00 0.000000000000000000e+00 3.591365413740277290e-03 0.000000000000000000e+00 0.000000000000000000e+00 0.000000000000000000e+00 3.591365413740277290e-03
4.182242453098297119e-01 0.000000000000000000e+00 0.000000000000000000e+00 0.000000000000000000e+00 3.505977103486657143e-03 0.000000000000000000e+00 0.000000000000000000e+00 0.000000000000000000e+00 3.505977103486657143e-03
4.366028010845184326e-01 0.000000000000000000e+00 0.000000000000000000e+00 0.000000000000000000e+00 3.400167915970087051e-03 0.000000000000000000e+00 0.000000000000000000e+00 0.000000000000000000e+00 3.400167915970087051e-03
4.548399448394775391e-01 0.000000000000000000e+00 0.000000000000000000e+00 0.000000000000000000e+00 3.270957153290510178e-03 0.000000000000000000e+00 0.000000000000000000e+00 0.000000000000000000e+00 3.270957153290510178e-03
4.729388058185577393e-01 0.000000000000000000e+00 0.000000000000000000e+00 0.000000000000000000e+00 3.117032814770936966e-03 0.000000000000000000e+00 0.000000000000000000e+00 0.000000000000000000e+00 3.117032814770936966e-03
4.909053146839141846e-01 0.000000000000000000e+00 0.000000000000000000e+00 0.000000000000000000e+00 2.943044528365135193e-03 0.000000000000000000e+00 0.000000000000000000e+00 0.000000000000000000e+00 2.943044528365135193e-03
5.087606906890869141e-01 0.000000000000000000e+00 0.000000000000000000e+00 0.000000000000000000e+00 2.746609738096594810e-03 0.000000000000000000e+00 0.000000000000000000e+00 0.000000000000000000e+00 2.746609738096594810e-03
5.264712572097778320e-01 0.000000000000000000e+00 0.000000000000000000e+00 0.000000000000000000e+00 2.521642483770847321e-03 0.000000000000000000e+00 0.000000000000000000e+00 0.000000000000000000e+00 2.521642483770847321e-03
5.440607666969299316e-01 0.000000000000000000e+00 0.000000000000000000e+00 0.000000000000000000e+00 2.271960023790597916e-03 0.000000000000000000e+00 0.000000000000000000e+00 0.000000000000000000e+00 2.271960023790597916e-03
5.615320205688476562e-01 0.000000000000000000e+00 0.000000000000000000e+00 0.000000000000000000e+00 1.996129751205444336e-03 0.000000000000000000e+00 0.000000000000000000e+00 0.000000000000000000e+00 1.996129751205444336e-03
5.788896083831787109e-01 0.000000000000000000e+00 0.000000000000000000e+00 0.000000000000000000e+00 1.696297549642622471e-03 0.000000000000000000e+00 0.000000000000000000e+00 0.000000000000000000e+00 1.696297549642622471e-03
5.961360931396484375e-01 0.000000000000000000e+00 0.000000000000000000e+00 0.000000000000000000e+00 1.367334276437759399e-03 0.000000000000000000e+00 0.000000000000000000e+00 0.000000000000000000e+00 1.367334276437759399e-03
6.132758259773254395e-01 0.000000000000000000e+00 0.000000000000000000e+00 0.000000000000000000e+00 1.015916583128273487e-03 0.000000000000000000e+00 0.000000000000000000e+00 0.000000000000000000e+00 1.015916583128273487e-03
6.303109526634216309e-01 0.000000000000000000e+00 0.000000000000000000e+00 0.000000000000000000e+00 6.333382334560155869e-04 0.000000000000000000e+00 0.000000000000000000e+00 0.000000000000000000e+00 6.333382334560155869e-04
6.472457647323608398e-01 0.000000000000000000e+00 0.000000000000000000e+00 0.000000000000000000e+00 2.273487189086154103e-04 0.000000000000000000e+00 0.000000000000000000e+00 0.000000000000000000e+00 2.273487189086154103e-04
6.640833020210266113e-01 0.000000000000000000e+00 0.000000000000000000e+00 0.000000000000000000e+00 -2.067046443698927760e-04 0.000000000000000000e+00 0.000000000000000000e+00 0.000000000000000000e+00 -2.067046443698927760e-04
6.808439493179321289e-01 0.000000000000000000e+00 0.000000000000000000e+00 0.000000000000000000e+00 -6.639312487095594406e-04 0.000000000000000000e+00 0.000000000000000000e+00 0.000000000000000000e+00 -6.639312487095594406e-04
6.974959969520568848e-01 0.000000000000000000e+00 0.000000000000000000e+00 0.000000000000000000e+00 -1.151254866272211075e-03 0.000000000000000000e+00 0.000000000000000000e+00 0.000000000000000000e+00 -1.151254866272211075e-03
7.140586972236633301e-01 0.000000000000000000e+00 0.000000000000000000e+00 0.000000000000000000e+00 -1.666527707129716873e-03 0.000000000000000000e+00 0.000000000000000000e+00 0.000000000000000000e+00 -1.666527707129716873e-03
7.305366396903991699e-01 0.000000000000000000e+00 0.000000000000000000e+00 0.000000000000000000e+00 -2.205578843131661415e-03 0.000000000000000000e+00 0.000000000000000000e+00 0.000000000000000000e+00 -2.205578843131661415e-03
7.469302415847778320e-01 0.000000000000000000e+00 0.000000000000000000e+00 0.000000000000000000e+00 -2.774968510493636131e-03 0.000000000000000000e+00 0.000000000000000000e+00 0.000000000000000000e+00 -2.774968510493636131e-03
7.632437348365783691e-01 0.000000000000000000e+00 0.000000000000000000e+00 0.000000000000000000e+00 -3.369332756847143173e-03 0.000000000000000000e+00 0.000000000000000000e+00 0.000000000000000000e+00 -3.369332756847143173e-03
7.794798612594604492e-01 0.000000000000000000e+00 0.000000000000000000e+00 0.000000000000000000e+00 -3.987242002040147781e-03 0.000000000000000000e+00 0.000000000000000000e+00 0.000000000000000000e+00 -3.987242002040147781e-03
7.956400513648986816e-01 0.000000000000000000e+00 0.000000000000000000e+00 0.000000000000000000e+00 -4.632753785699605942e-03 0.000000000000000000e+00 0.000000000000000000e+00 0.000000000000000000e+00 -4.632753785699605942e-03
8.117262125015258789e-01 0.000000000000000000e+00 0.000000000000000000e+00 0.000000000000000000e+00 -5.304916761815547943e-03 0.000000000000000000e+00 0.000000000000000000e+00 0.000000000000000000e+00 -5.304916761815547943e-03
8.277427554130554199e-01 0.000000000000000000e+00 0.000000000000000000e+00 0.000000000000000000e+00 -5.998127162456512451e-03 0.000000000000000000e+00 0.000000000000000000e+00 0.000000000000000000e+00 -5.998127162456512451e-03
8.437060713768005371e-01 0.000000000000000000e+00 0.000000000000000000e+00 0.000000000000000000e+00 -6.714768707752227783e-03 0.000000000000000000e+00 0.000000000000000000e+00 0.000000000000000000e+00 -6.714768707752227783e-03
8.595855832099914551e-01 0.000000000000000000e+00 0.000000000000000000e+00 0.000000000000000000e+00 -7.458548527210950851e-03 0.000000000000000000e+00 0.000000000000000000e+00 0.000000000000000000e+00 -7.458548527210950851e-03
8.754006624221801758e-01 0.000000000000000000e+00 0.000000000000000000e+00 0.000000000000000000e+00 -8.222071453928947449e-03 0.000000000000000000e+00 0.000000000000000000e+00 0.000000000000000000e+00 -8.222071453928947449e-03
8.911522626876831055e-01 0.000000000000000000e+00 0.000000000000000000e+00 0.000000000000000000e+00 -9.011422283947467804e-03 0.000000000000000000e+00 0.000000000000000000e+00 0.000000000000000000e+00 -9.011422283947467804e-03
9.068424701690673828e-01 0.000000000000000000e+00 0.000000000000000000e+00 0.000000000000000000e+00 -9.819567203521728516e-03 0.000000000000000000e+00 0.000000000000000000e+00 0.000000000000000000e+00 -9.819567203521728516e-03
