3.198639303445816040e-02 7.869137334637343884e-05 5.637628491967916489e-04 2.045881509780883789e+00
4.144566133618354797e-02 7.673221989534795284e-05 7.174145430326461792e-03 2.102684020996093750e+00
3.524129465222358704e-02 7.807966903783380985e-05 2.024738816544413567e-03 2.071686744689941406e+00
2.709438838064670563e-02 7.968416321091353893e-05 4.091459268238395452e-04 2.019051790237426758e+00
2.193388342857360840e-02 8.082787098828703165e-05 3.125377697870135307e-04 1.994367122650146484e+00
3.471057489514350891e-02 7.813466072548180819e-05 1.372282509692013264e-03 2.060847997665405273e+00
3.146868199110031128e-02 7.883345824666321278e-05 5.023921257816255093e-04 2.046465635299682617e+00
2.619951590895652771e-02 8.004717528820037842e-05 4.240488633513450623e-04 2.028757095336914062e+00
2.294960804283618927e-02 8.057522063609212637e-05 3.291542525403201580e-04 1.997731804847717285e+00
2.169893495738506317e-02 8.090454502962529659e-05 3.142838249914348125e-04 1.996115684509277344e+00
3.773561120033264160e-02 7.747640484012663364e-05 2.767761936411261559e-03 2.068588495254516602e+00
4.024965316057205200e-02 7.697916589677333832e-05 5.584949627518653870e-03 2.090931892395019531e+00
3.470711037516593933e-02 7.820344762876629829e-05 1.806575804948806763e-03 2.070938825607299805e+00
2.226687408983707428e-02 8.075879304669797421e-05 3.198273188900202513e-04 1.996306419372558594e+00
1.680467605590820312e+00 6.225683318916708231e-05 3.688272461295127869e-02 5.369833469390869141e+00
3.431566804647445679e-02 7.826181536074727774e-05 1.370299607515335083e-03 2.064254045486450195e+00
2.889488823711872101e-02 7.948459824547171593e-05 4.824715433642268181e-04 2.046352148056030273e+00
5.259108543395996094e-01 7.187054306268692017e-02 3.368590474128723145e-01 3.972035483457148075e-05
1.171649023890495300e-01 1.935814768075942993e-01 4.857303500175476074e-01 6.737915100529789925e-06
2.150581963360309601e-02 8.089358743745833635e-05 3.008438507094979286e-04 1.990715622901916504e+00
1.121161952614784241e-01 3.261215897509828210e-05 2.161436229944229126e-01 4.878873348236083984e+00
4.052815586328506470e-02 7.693075167480856180e-05 5.994317587465047836e-03 2.095683336257934570e+00
3.598585352301597595e-02 7.790916424710303545e-05 2.482478506863117218e-03 2.075735807418823242e+00
3.656221926212310791e-02 7.776608981657773256e-05 2.779016969725489616e-03 2.077267169952392578e+00
3.811207413673400879e-02 7.745958282612264156e-05 3.747138660401105881e-03 2.086661815643310547e+00
2.423144690692424774e-02 8.025117858778685331e-05 3.498403821140527725e-04 2.002139329910278320e+00
3.533553704619407654e-02 7.799205195624381304e-05 1.749018090777099133e-03 2.064060688018798828e+00
3.885496407747268677e-02 7.730432844255119562e-05 4.033577628433704376e-03 2.084843873977661133e+00
2.248458378016948700e-02 8.075889491010457277e-05 3.312753106001764536e-04 2.000644207000732422e+00
3.275452554225921631e-02 7.856971933506429195e-05 8.312031859531998634e-04 2.052601814270019531e+00
1.856534555554389954e-02 8.124236774165183306e-05 2.188814105466008186e-04 1.961836576461791992e+00
3.131281211972236633e-02 7.884723891038447618e-05 4.963057581335306168e-04 2.044181823730468750e+00
1.721319198608398438e+00 8.756124973297119141e-01 9.763789176940917969e-01 2.505477905273437500e+00
2.326908335089683533e-02 8.058726962190121412e-05 3.463352913968265057e-04 2.004408597946166992e+00
3.705546259880065918e-02 7.767353963572531939e-05 3.198811318725347519e-03 2.082757472991943359e+00
2.441512234508991241e-02 8.020456880331039429e-05 3.516565775498747826e-04 2.002201318740844727e+00
2.415701746940612793e-02 8.043165144044905901e-05 3.732930053956806660e-04 2.013158082962036133e+00
4.163571447134017944e-02 7.669160549994558096e-05 7.414140272885560989e-03 2.103678226470947266e+00
3.382341191172599792e-02 7.833217387087643147e-05 1.088442513719201088e-03 2.056864261627197266e+00
2.229959517717361450e-02 8.075071673374623060e-05 3.210239228792488575e-04 1.996683239936828613e+00
2.938295714557170868e-02 7.941534568089991808e-05 5.079769180156290531e-04 2.056466341018676758e+00
3.691774606704711914e-02 7.768213981762528419e-05 2.973204245790839195e-03 2.078956842422485352e+00
3.223862871527671814e-02 7.873032882343977690e-05 9.174795704893767834e-04 2.060422182083129883e+00
1.122679561376571655e-01 1.144270499935373664e-04 1.269874572753906250e-01 2.505385398864746094e+00
2.171937748789787292e-02 8.089860784821212292e-05 3.147265815641731024e-04 1.996136665344238281e+00
3.819143027067184448e-02 7.744051981717348099e-05 3.565725171938538551e-03 2.083312749862670898e+00
2.850881963968276978e-02 7.954196189530193806e-05 4.703275626525282860e-04 2.042110681533813477e+00
2.418333478271961212e-02 8.033869380597025156e-05 3.594995359890162945e-04 2.006686449050903320e+00
2.537620440125465393e-02 8.017974323593080044e-05 3.999850887339562178e-04 2.020774602890014648e+00
2.928248420357704163e-02 7.943557284306734800e-05 5.014953785575926304e-04 2.053809404373168945e+00
2.338043600320816040e-02 8.044485002756118774e-05 3.335654619149863720e-04 1.997958540916442871e+00
9.491723775863647461e-02 2.082739919424057007e-01 4.686511158943176270e-01 8.434304618276655674e-06
2.284807153046131134e-02 8.066158625297248363e-05 3.367436002008616924e-04 2.001744270324707031e+00
1.063011121004819870e-03 2.667235583066940308e-02 2.374274423345923424e-03 9.354902267456054688e+00
3.751952946186065674e-02 7.753832323942333460e-05 2.684985753148794174e-03 2.068674564361572266e+00
2.747310325503349304e-02 7.981444650795310736e-05 4.620414110831916332e-04 2.041828870773315430e+00
3.578913211822509766e-02 7.790040399413555861e-05 1.997134415432810783e-03 2.066099643707275391e+00
3.985720127820968628e-02 7.708721386734396219e-05 5.198570434004068375e-03 2.091309785842895508e+00
3.677161037921905518e-02 7.768954674247652292e-05 2.353536896407604218e-03 2.067166328430175781e+00
2.229679189622402191e-02 8.079297549556940794e-05 3.258764045313000679e-04 1.998932838439941406e+00
3.558513894677162170e-02 7.796126010362058878e-05 2.001020824536681175e-03 2.067785739898681641e+00
2.301472425460815430e-02 8.055334910750389099e-05 3.292493056505918503e-04 1.997521877288818359e+00
3.473890945315361023e-02 7.806111534591764212e-05 1.186572713777422905e-03 2.054946660995483398e+00
3.231438249349594116e-02 7.866397208999842405e-05 7.600400713272392750e-04 2.052470684051513672e+00
