7.726239562034606934e-01
7.371554374694824219e-01
7.027747035026550293e-01
6.694688200950622559e-01
6.372231245040893555e-01
6.060196161270141602e-01
5.758378505706787109e-01
5.466572046279907227e-01
5.184555053710937500e-01
4.912090897560119629e-01
4.648957848548889160e-01
4.394918084144592285e-01
4.149746000766754150e-01
3.913229107856750488e-01
3.685151636600494385e-01
3.465310037136077881e-01
3.253515064716339111e-01
3.049584627151489258e-01
2.853346467018127441e-01
2.664644420146942139e-01
2.483329772949218750e-01
2.309257984161376953e-01
2.142305374145507812e-01
1.982350647449493408e-01
1.829274594783782959e-01
1.682981997728347778e-01
1.543365716934204102e-01
1.410339325666427612e-01
1.283809840679168701e-01
1.163697093725204468e-01
1.049924269318580627e-01
9.424132853746414185e-02
8.410933613777160645e-02
7.458976656198501587e-02
6.567593663930892944e-02
5.736107379198074341e-02
4.963935911655426025e-02
4.250488057732582092e-02
3.595136851072311401e-02
2.997387945652008057e-02
2.456663735210895538e-02
1.972435973584651947e-02
1.544224005192518234e-02
1.171500608325004578e-02
8.537983521819114685e-03
5.906504113227128983e-03
3.816619282588362694e-03
2.263668924570083618e-03
1.243710983544588089e-03
7.528066635131835938e-04
7.873773574829101562e-04
1.343727577477693558e-03
2.418759744614362717e-03
4.009140189737081528e-03
6.111774127930402756e-03
8.727383799850940704e-03
1.184727530926465988e-02
1.547193434089422226e-02
1.959898695349693298e-02
2.422653511166572571e-02
2.935244515538215637e-02
3.497517853975296021e-02
4.109308123588562012e-02
4.770449548959732056e-02
5.480895563960075378e-02
6.241243705153465271e-02
7.049886137247085571e-02
7.907515019178390503e-02
8.814037591218948364e-02
9.769441932439804077e-02
1.077364683151245117e-01
1.182658225297927856e-01
1.292832046747207642e-01
1.407880336046218872e-01
1.527805626392364502e-01
1.652733236551284790e-01
1.782423704862594604e-01
1.916995048522949219e-01
2.056452333927154541e-01
2.200802862644195557e-01
2.350056022405624390e-01
2.504217028617858887e-01
2.663288116455078125e-01
2.827279269695281982e-01
2.996208071708679199e-01
3.170252740383148193e-01
3.349077999591827393e-01
3.532865345478057861e-01
3.721628189086914062e-01
3.915377855300903320e-01
4.114125967025756836e-01
4.317884147167205811e-01
4.526671767234802246e-01
4.740498363971710205e-01
4.959383010864257812e-01
5.183562040328979492e-01
5.412610769271850586e-01
5.646757483482360840e-01
5.886028409004211426e-01
6.130436062812805176e-01
