1.251865625381469727e-01
1.201633214950561523e-01
1.152458190917968750e-01
1.104339361190795898e-01
1.057275533676147461e-01
1.011264324188232422e-01
9.663069248199462891e-02
9.223973751068115234e-02
8.795344829559326172e-02
8.377206325531005859e-02
7.969486713409423828e-02
7.572209835052490234e-02
7.185339927673339844e-02
6.808888912200927734e-02
6.442809104919433594e-02
6.087100505828857422e-02
5.741775035858154297e-02
5.406725406646728516e-02
5.082023143768310547e-02
4.767644405364990234e-02
4.463541507720947266e-02
4.169738292694091797e-02
3.886187076568603516e-02
3.612899780273437500e-02
3.349840641021728516e-02
3.097009658813476562e-02
2.854382991790771484e-02
2.621972560882568359e-02
2.399766445159912109e-02
2.187740802764892578e-02
1.985871791839599609e-02
1.794159412384033203e-02
1.612603664398193359e-02
1.441180706024169922e-02
1.279878616333007812e-02
1.128721237182617188e-02
9.876728057861328125e-03
8.567214012145996094e-03
7.358908653259277344e-03
6.251335144042968750e-03
5.244612693786621094e-03
4.338860511779785156e-03
3.533720970153808594e-03
2.829670906066894531e-03
2.225995063781738281e-03
1.722931861877441406e-03
1.320719718933105469e-03
1.018881797790527344e-03
8.177757263183593750e-04
7.172822952270507812e-04
7.172822952270507812e-04
8.177757263183593750e-04
1.018881797790527344e-03
1.320719718933105469e-03
1.722931861877441406e-03
2.225995063781738281e-03
2.829670906066894531e-03
3.533720970153808594e-03
4.338860511779785156e-03
5.244612693786621094e-03
6.251335144042968750e-03
7.358908653259277344e-03
8.567214012145996094e-03
9.876728057861328125e-03
1.128721237182617188e-02
1.279878616333007812e-02
1.441180706024169922e-02
1.612603664398193359e-02
1.794159412384033203e-02
1.985871791839599609e-02
2.187740802764892578e-02
2.399766445159912109e-02
2.621972560882568359e-02
2.854382991790771484e-02
3.097009658813476562e-02
3.349840641021728516e-02
3.612899780273437500e-02
3.886187076568603516e-02
4.169738292694091797e-02
4.463541507720947266e-02
4.767644405364990234e-02
5.082023143768310547e-02
5.406725406646728516e-02
5.741775035858154297e-02
6.087100505828857422e-02
6.442809104919433594e-02
6.808888912200927734e-02
7.185339927673339844e-02
7.572209835052490234e-02
7.969486713409423828e-02
8.377206325531005859e-02
8.795344829559326172e-02
9.223973751068115234e-02
9.663069248199462891e-02
1.011264324188232422e-01
1.057275533676147461e-01
1.104339361190795898e-01
1.152458190917968750e-01
1.201633214950561523e-01
1.251865625381469727e-01
