3.639687895774841309e-01
3.467855453491210938e-01
3.301809430122375488e-01
3.141371309757232666e-01
2.986363768577575684e-01
2.836636006832122803e-01
2.692031860351562500e-01
2.552411556243896484e-01
2.417641431093215942e-01
2.287595570087432861e-01
2.162148803472518921e-01
2.041188478469848633e-01
1.924605369567871094e-01
1.812293678522109985e-01
1.704155206680297852e-01
1.600098907947540283e-01
1.500025242567062378e-01
1.403852999210357666e-01
1.311501562595367432e-01
1.222886294126510620e-01
1.137931570410728455e-01
1.056565791368484497e-01
9.787158668041229248e-02
9.043160825967788696e-02
8.333031088113784790e-02
7.656076550483703613e-02
7.011746615171432495e-02
6.399457156658172607e-02
5.818597599864006042e-02
5.268726870417594910e-02
4.749187827110290527e-02
4.259599000215530396e-02
3.799363225698471069e-02
3.368122130632400513e-02
2.965339273214340210e-02
2.590596489608287811e-02
2.243476361036300659e-02
1.923537440598011017e-02
1.630421914160251617e-02
1.363700348883867264e-02
1.123038586229085922e-02
9.080551564693450928e-03
7.184042129665613174e-03
5.537040531635284424e-03
4.136923700571060181e-03
2.980114659294486046e-03
2.063513267785310745e-03
1.384258386678993702e-03
9.391307830810546875e-04
7.256269454956054688e-04
7.406473159790039062e-04
9.816884994506835938e-04
1.446366426534950733e-03
2.131581772118806839e-03
3.035427303984761238e-03
4.156472627073526382e-03
5.489950068295001984e-03
7.035621441900730133e-03
8.790386840701103210e-03
1.075222063809633255e-02
1.291957404464483261e-02
1.529018115252256393e-02
1.786189712584018707e-02
2.063317224383354187e-02
2.360210195183753967e-02
2.677047066390514374e-02
3.012969717383384705e-02
3.368204832077026367e-02
3.742489963769912720e-02
4.135730117559432983e-02
4.547781497240066528e-02
4.978537932038307190e-02
5.427748337388038635e-02
5.895388871431350708e-02
6.381269544363021851e-02
6.885770708322525024e-02
7.407796382904052734e-02
7.947728037834167480e-02
8.505446463823318481e-02
9.080820530652999878e-02
9.673778712749481201e-02
1.028416603803634644e-01
1.091194599866867065e-01
1.155700087547302246e-01
1.221922188997268677e-01
1.289920657873153687e-01
1.359554678201675415e-01
1.430881619453430176e-01
1.503894180059432983e-01
1.578582823276519775e-01
1.654940545558929443e-01
1.732962578535079956e-01
1.812641471624374390e-01
1.893963366746902466e-01
1.976934969425201416e-01
2.061620950698852539e-01
2.147859185934066772e-01
2.235719859600067139e-01
2.325201779603958130e-01
2.416295558214187622e-01
