-3.239191293716430664e+00
-3.326956987380981445e+00
-3.362041234970092773e+00
-3.394581317901611328e+00
-3.211025714874267578e+00
-2.936249494552612305e+00
-3.330411434173583984e+00
-3.321374416351318359e+00
-2.946320295333862305e+00
-3.270379066467285156e+00
-3.367512941360473633e+00
-3.202279090881347656e+00
-2.810603380203247070e+00
-3.374572038650512695e+00
-3.199546098709106445e+00
-3.378144979476928711e+00
-2.901682853698730469e+00
-3.359425783157348633e+00
-3.398382663726806641e+00
-3.431728839874267578e+00
-2.803256750106811523e+00
2.617441713809967041e-01
-3.301362752914428711e+00
-1.546869397163391113e+00
-3.009740352630615234e+00
-3.399183511734008789e+00
-1.150368452072143555e+00
-7.596924304962158203e-01
-1.389003276824951172e+00
-2.557577848434448242e+00
-3.395087718963623047e+00
-3.263077735900878906e+00
-3.398060560226440430e+00
-3.048657417297363281e+00
-3.338010311126708984e+00
-3.323899507522583008e+00
-1.660524725914001465e+00
-3.119892597198486328e+00
-2.831386089324951172e+00
-2.761114358901977539e+00
-3.367418289184570312e+00
-3.181661128997802734e+00
-3.130964994430541992e+00
-3.096190214157104492e+00
-2.966583967208862305e+00
1.922047019004821777e+00
-3.299988985061645508e+00
1.949450820684432983e-01
-3.269779443740844727e+00
-3.339403629302978516e+00
-3.272397756576538086e+00
-3.104148149490356445e+00
-3.163715839385986328e+00
-3.307816505432128906e+00
-3.371464490890502930e+00
-2.373703718185424805e+00
-3.312184810638427734e+00
-3.398631095886230469e+00
-1.525026679039001465e+00
-3.049294233322143555e+00
-1.606546640396118164e+00
-3.315076112747192383e+00
-3.395289182662963867e+00
-3.404751539230346680e+00
-3.318577766418457031e+00
-3.308155059814453125e+00
-3.178348064422607422e+00
-3.085433959960937500e+00
-3.256974935531616211e+00
-3.107163906097412109e+00
-3.401968002319335938e+00
-3.375126600265502930e+00
-3.191277265548706055e+00
-3.215585470199584961e+00
-3.203376531600952148e+00
-1.388066768646240234e+00
-3.169082164764404297e+00
-3.337943315505981445e+00
-3.184617757797241211e+00
-1.647833824157714844e+00
-3.244226694107055664e+00
-1.237076282501220703e+00
-2.960208892822265625e+00
-3.365565776824951172e+00
-3.135192394256591797e+00
-3.208014011383056641e+00
-3.383871555328369141e+00
-3.052801132202148438e+00
-3.229034662246704102e+00
-3.362394809722900391e+00
-3.366586208343505859e+00
-3.349074125289916992e+00
-3.395879745483398438e+00
-3.216345310211181641e+00
-2.947004079818725586e+00
-3.340898036956787109e+00
-3.618951141834259033e-01
-3.255558252334594727e+00
-3.397327423095703125e+00
-3.184927463531494141e+00
-3.312988281250000000e+00
-3.232166528701782227e+00
-3.403761863708496094e+00
-3.404063701629638672e+00
-3.212133169174194336e+00
-3.332616567611694336e+00
-3.254022359848022461e+00
-3.374706029891967773e+00
-3.394979000091552734e+00
-3.220274686813354492e+00
-1.891438603401184082e+00
-3.365392923355102539e+00
-3.246350526809692383e+00
-3.194159746170043945e+00
-3.184615373611450195e+00
-3.375261306762695312e+00
-3.320580482482910156e+00
-1.306035161018371582e+00
-3.137793302536010742e+00
-3.395762205123901367e+00
-3.391628026962280273e+00
-3.197461605072021484e+00
-2.792950153350830078e+00
-3.160900592803955078e+00
-3.406558275222778320e+00
-3.408878087997436523e+00
-3.288549423217773438e+00
-3.391428947448730469e+00
