5.000000000000000000e-01 0.000000000000000000e+00 0.000000000000000000e+00 0.000000000000000000e+00 1.049790024757385254e+00 0.000000000000000000e+00 0.000000000000000000e+00 0.000000000000000000e+00 1.049790024757385254e+00
5.101010203361511230e-01 0.000000000000000000e+00 0.000000000000000000e+00 0.000000000000000000e+00 1.049070000648498535e+00 0.000000000000000000e+00 0.000000000000000000e+00 0.000000000000000000e+00 1.049070000648498535e+00
5.202019810676574707e-01 0.000000000000000000e+00 0.000000000000000000e+00 0.000000000000000000e+00 1.048339962959289551e+00 0.000000000000000000e+00 0.000000000000000000e+00 0.000000000000000000e+00 1.048339962959289551e+00
5.303030014038085938e-01 0.000000000000000000e+00 0.000000000000000000e+00 0.000000000000000000e+00 1.047590017318725586e+00 0.000000000000000000e+00 0.000000000000000000e+00 0.000000000000000000e+00 1.047590017318725586e+00
5.404040217399597168e-01 0.000000000000000000e+00 0.000000000000000000e+00 0.000000000000000000e+00 1.046839952468872070e+00 0.000000000000000000e+00 0.000000000000000000e+00 0.000000000000000000e+00 1.046839952468872070e+00
5.505049824714660645e-01 0.000000000000000000e+00 0.000000000000000000e+00 0.000000000000000000e+00 1.046069979667663574e+00 0.000000000000000000e+00 0.000000000000000000e+00 0.000000000000000000e+00 1.046069979667663574e+00
5.606060028076171875e-01 0.000000000000000000e+00 0.000000000000000000e+00 0.000000000000000000e+00 1.045279979705810547e+00 0.000000000000000000e+00 0.000000000000000000e+00 0.000000000000000000e+00 1.045279979705810547e+00
5.707070231437683105e-01 0.000000000000000000e+00 0.000000000000000000e+00 0.000000000000000000e+00 1.044489979743957520e+00 0.000000000000000000e+00 0.000000000000000000e+00 0.000000000000000000e+00 1.044489979743957520e+00
5.808079838752746582e-01 0.000000000000000000e+00 0.000000000000000000e+00 0.000000000000000000e+00 1.043679952621459961e+00 0.000000000000000000e+00 0.000000000000000000e+00 0.000000000000000000e+00 1.043679952621459961e+00
5.909090042114257812e-01 0.000000000000000000e+00 0.000000000000000000e+00 0.000000000000000000e+00 1.042860031127929688e+00 0.000000000000000000e+00 0.000000000000000000e+00 0.000000000000000000e+00 1.042860031127929688e+00
6.010100245475769043e-01 0.000000000000000000e+00 0.000000000000000000e+00 0.000000000000000000e+00 1.042029976844787598e+00 0.000000000000000000e+00 0.000000000000000000e+00 0.000000000000000000e+00 1.042029976844787598e+00
6.111109852790832520e-01 0.000000000000000000e+00 0.000000000000000000e+00 0.000000000000000000e+00 1.041180014610290527e+00 0.000000000000000000e+00 0.000000000000000000e+00 0.000000000000000000e+00 1.041180014610290527e+00
6.212120056152343750e-01 0.000000000000000000e+00 0.000000000000000000e+00 0.000000000000000000e+00 1.040320038795471191e+00 0.000000000000000000e+00 0.000000000000000000e+00 0.000000000000000000e+00 1.040320038795471191e+00
6.313130259513854980e-01 0.000000000000000000e+00 0.000000000000000000e+00 0.000000000000000000e+00 1.039450049400329590e+00 0.000000000000000000e+00 0.000000000000000000e+00 0.000000000000000000e+00 1.039450049400329590e+00
6.414139866828918457e-01 0.000000000000000000e+00 0.000000000000000000e+00 0.000000000000000000e+00 1.038570046424865723e+00 0.000000000000000000e+00 0.000000000000000000e+00 0.000000000000000000e+00 1.038570046424865723e+00
6.515150070190429688e-01 0.000000000000000000e+00 0.000000000000000000e+00 0.000000000000000000e+00 1.037670016288757324e+00 0.000000000000000000e+00 0.000000000000000000e+00 0.000000000000000000e+00 1.037670016288757324e+00
6.616160273551940918e-01 0.000000000000000000e+00 0.000000000000000000e+00 0.000000000000000000e+00 1.036769986152648926e+00 0.000000000000000000e+00 0.000000000000000000e+00 0.000000000000000000e+00 1.036769986152648926e+00
6.717169880867004395e-01 0.000000000000000000e+00 0.000000000000000000e+00 0.000000000000000000e+00 1.035850048065185547e+00 0.000000000000000000e+00 0.000000000000000000e+00 0.000000000000000000e+00 1.035850048065185547e+00
6.818180084228515625e-01 0.000000000000000000e+00 0.000000000000000000e+00 0.000000000000000000e+00 1.034919977188110352e+00 0.000000000000000000e+00 0.000000000000000000e+00 0.000000000000000000e+00 1.034919977188110352e+00
6.919190287590026855e-01 0.000000000000000000e+00 0.000000000000000000e+00 0.000000000000000000e+00 1.033969998359680176e+00 0.000000000000000000e+00 0.000000000000000000e+00 0.000000000000000000e+00 1.033969998359680176e+00
7.020199894905090332e-01 0.000000000000000000e+00 0.000000000000000000e+00 0.000000000000000000e+00 1.033020019531250000e+00 0.000000000000000000e+00 0.000000000000000000e+00 0.000000000000000000e+00 1.033020019531250000e+00
7.121210098266601562e-01 0.000000000000000000e+00 0.000000000000000000e+00 0.000000000000000000e+00 1.032050013542175293e+00 0.000000000000000000e+00 0.000000000000000000e+00 0.000000000000000000e+00 1.032050013542175293e+00
7.222219705581665039e-01 0.000000000000000000e+00 0.000000000000000000e+00 0.000000000000000000e+00 1.031069993972778320e+00 0.000000000000000000e+00 0.000000000000000000e+00 0.000000000000000000e+00 1.031069993972778320e+00
7.323229908943176270e-01 0.000000000000000000e+00 0.000000000000000000e+00 0.000000000000000000e+00 1.030079960823059082e+00 0.000000000000000000e+00 0.000000000000000000e+00 0.000000000000000000e+00 1.030079960823059082e+00
7.424240112304687500e-01 0.000000000000000000e+00 0.000000000000000000e+00 0.000000000000000000e+00 1.029080033302307129e+00 0.000000000000000000e+00 0.000000000000000000e+00 0.000000000000000000e+00 1.029080033302307129e+00
7.525249719619750977e-01 0.000000000000000000e+00 0.000000000000000000e+00 0.000000000000000000e+00 1.028069972991943359e+00 0.000000000000000000e+00 0.000000000000000000e+00 0.000000000000000000e+00 1.028069972991943359e+00
7.626259922981262207e-01 0.000000000000000000e+00 0.000000000000000000e+00 0.000000000000000000e+00 1.027050018310546875e+00 0.000000000000000000e+00 0.000000000000000000e+00 0.000000000000000000e+00 1.027050018310546875e+00
7.727270126342773438e-01 0.000000000000000000e+00 0.000000000000000000e+00 0.000000000000000000e+00 1.026010036468505859e+00 0.000000000000000000e+00 0.000000000000000000e+00 0.000000000000000000e+00 1.026010036468505859e+00
7.828279733657836914e-01 0.000000000000000000e+00 0.000000000000000000e+00 0.000000000000000000e+00 1.024970054626464844e+00 0.000000000000000000e+00 0.000000000000000000e+00 0.000000000000000000e+00 1.024970054626464844e+00
7.929289937019348145e-01 0.000000000000000000e+00 0.000000000000000000e+00 0.000000000000000000e+00 1.023910045623779297e+00 0.000000000000000000e+00 0.000000000000000000e+00 0.000000000000000000e+00 1.023910045623779297e+00
8.030300140380859375e-01 0.000000000000000000e+00 0.000000000000000000e+00 0.000000000000000000e+00 1.022850036621093750e+00 0.000000000000000000e+00 0.000000000000000000e+00 0.000000000000000000e+00 1.022850036621093750e+00
8.131309747695922852e-01 0.000000000000000000e+00 0.000000000000000000e+00 0.000000000000000000e+00 1.021770000457763672e+00 0.000000000000000000e+00 0.000000000000000000e+00 0.000000000000000000e+00 1.021770000457763672e+00
8.232319951057434082e-01 0.000000000000000000e+00 0.000000000000000000e+00 0.000000000000000000e+00 1.020679950714111328e+00 0.000000000000000000e+00 0.000000000000000000e+00 0.000000000000000000e+00 1.020679950714111328e+00
8.333330154418945312e-01 0.000000000000000000e+00 0.000000000000000000e+00 0.000000000000000000e+00 1.019580006599426270e+00 0.000000000000000000e+00 0.000000000000000000e+00 0.000000000000000000e+00 1.019580006599426270e+00
8.434339761734008789e-01 0.000000000000000000e+00 0.000000000000000000e+00 0.000000000000000000e+00 1.018470048904418945e+00 0.000000000000000000e+00 0.000000000000000000e+00 0.000000000000000000e+00 1.018470048904418945e+00
8.535349965095520020e-01 0.000000000000000000e+00 0.000000000000000000e+00 0.000000000000000000e+00 1.017349958419799805e+00 0.000000000000000000e+00 0.000000000000000000e+00 0.000000000000000000e+00 1.017349958419799805e+00
8.636360168457031250e-01 0.000000000000000000e+00 0.000000000000000000e+00 0.000000000000000000e+00 1.016219973564147949e+00 0.000000000000000000e+00 0.000000000000000000e+00 0.000000000000000000e+00 1.016219973564147949e+00
8.737369775772094727e-01 0.000000000000000000e+00 0.000000000000000000e+00 0.000000000000000000e+00 1.015079975128173828e+00 0.000000000000000000e+00 0.000000000000000000e+00 0.000000000000000000e+00 1.015079975128173828e+00
8.838379979133605957e-01 0.000000000000000000e+00 0.000000000000000000e+00 0.000000000000000000e+00 1.013929963111877441e+00 0.000000000000000000e+00 0.000000000000000000e+00 0.000000000000000000e+00 1.013929963111877441e+00
8.939390182495117188e-01 0.000000000000000000e+00 0.000000000000000000e+00 0.000000000000000000e+00 1.012770056724548340e+00 0.000000000000000000e+00 0.000000000000000000e+00 0.000000000000000000e+00 1.012770056724548340e+00
9.040399789810180664e-01 0.000000000000000000e+00 0.000000000000000000e+00 0.000000000000000000e+00 1.011600017547607422e+00 0.000000000000000000e+00 0.000000000000000000e+00 0.000000000000000000e+00 1.011600017547607422e+00
9.141409993171691895e-01 0.000000000000000000e+00 0.000000000000000000e+00 0.000000000000000000e+00 1.010419964790344238e+00 0.000000000000000000e+00 0.000000000000000000e+00 0.000000000000000000e+00 1.010419964790344238e+00
9.242420196533203125e-01 0.000000000000000000e+00 0.000000000000000000e+00 0.000000000000000000e+00 1.009230017662048340e+00 0.000000000000000000e+00 0.000000000000000000e+00 0.000000000000000000e+00 1.009230017662048340e+00
9.343429803848266602e-01 0.000000000000000000e+00 0.000000000000000000e+00 0.000000000000000000e+00 1.008039951324462891e+00 0.000000000000000000e+00 0.000000000000000000e+00 0.000000000000000000e+00 1.008039951324462891e+00
9.444440007209777832e-01 0.000000000000000000e+00 0.000000000000000000e+00 0.000000000000000000e+00 1.006829977035522461e+00 0.000000000000000000e+00 0.000000000000000000e+00 0.000000000000000000e+00 1.006829977035522461e+00
9.545450210571289062e-01 0.000000000000000000e+00 0.000000000000000000e+00 0.000000000000000000e+00 1.005609989166259766e+00 0.000000000000000000e+00 0.000000000000000000e+00 0.000000000000000000e+00 1.005609989166259766e+00
9.646459817886352539e-01 0.000000000000000000e+00 0.000000000000000000e+00 0.000000000000000000e+00 1.004379987716674805e+00 0.000000000000000000e+00 0.000000000000000000e+00 0.000000000000000000e+00 1.004379987716674805e+00
9.747470021247863770e-01 0.000000000000000000e+00 0.000000000000000000e+00 0.000000000000000000e+00 1.003149986267089844e+00 0.000000000000000000e+00 0.000000000000000000e+00 0.000000000000000000e+00 1.003149986267089844e+00
9.848480224609375000e-01 0.000000000000000000e+00 0.000000000000000000e+00 0.000000000000000000e+00 1.001899957656860352e+00 0.000000000000000000e+00 0.000000000000000000e+00 0.000000000000000000e+00 1.001899957656860352e+00
9.949489831924438477e-01 0.000000000000000000e+00 0.000000000000000000e+00 0.000000000000000000e+00 1.000650048255920410e+00 0.000000000000000000e+00 0.000000000000000000e+00 0.000000000000000000e+00 1.000650048255920410e+00
1.005049943923950195e+00 0.000000000000000000e+00 0.000000000000000000e+00 0.000000000000000000e+00 9.993860125541687012e-01 0.000000000000000000e+00 0.000000000000000000e+00 0.000000000000000000e+00 9.993860125541687012e-01
1.015149950981140137e+00 0.000000000000000000e+00 0.000000000000000000e+00 0.000000000000000000e+00 9.981150031089782715e-01 0.000000000000000000e+00 0.000000000000000000e+00 0.000000000000000000e+00 9.981150031089782715e-01
1.025249958038330078e+00 0.000000000000000000e+00 0.000000000000000000e+00 0.000000000000000000e+00 9.968349933624267578e-01 0.000000000000000000e+00 0.000000000000000000e+00 0.000000000000000000e+00 9.968349933624267578e-01
1.035349965095520020e+00 0.000000000000000000e+00 0.000000000000000000e+00 0.000000000000000000e+00 9.955469965934753418e-01 0.000000000000000000e+00 0.000000000000000000e+00 0.000000000000000000e+00 9.955469965934753418e-01
1.045449972152709961e+00 0.000000000000000000e+00 0.000000000000000000e+00 0.000000000000000000e+00 9.942499995231628418e-01 0.000000000000000000e+00 0.000000000000000000e+00 0.000000000000000000e+00 9.942499995231628418e-01
1.055559992790222168e+00 0.000000000000000000e+00 0.000000000000000000e+00 0.000000000000000000e+00 9.929450154304504395e-01 0.000000000000000000e+00 0.000000000000000000e+00 0.000000000000000000e+00 9.929450154304504395e-01
1.065659999847412109e+00 0.000000000000000000e+00 0.000000000000000000e+00 0.000000000000000000e+00 9.916309714317321777e-01 0.000000000000000000e+00 0.000000000000000000e+00 0.000000000000000000e+00 9.916309714317321777e-01
1.075760006904602051e+00 0.000000000000000000e+00 0.000000000000000000e+00 0.000000000000000000e+00 9.903100132942199707e-01 0.000000000000000000e+00 0.000000000000000000e+00 0.000000000000000000e+00 9.903100132942199707e-01
1.085860013961791992e+00 0.000000000000000000e+00 0.000000000000000000e+00 0.000000000000000000e+00 9.889799952507019043e-01 0.000000000000000000e+00 0.000000000000000000e+00 0.000000000000000000e+00 9.889799952507019043e-01
1.095960021018981934e+00 0.000000000000000000e+00 0.000000000000000000e+00 0.000000000000000000e+00 9.876430034637451172e-01 0.000000000000000000e+00 0.000000000000000000e+00 0.000000000000000000e+00 9.876430034637451172e-01
1.106060028076171875e+00 0.000000000000000000e+00 0.000000000000000000e+00 0.000000000000000000e+00 9.862980246543884277e-01 0.000000000000000000e+00 0.000000000000000000e+00 0.000000000000000000e+00 9.862980246543884277e-01
1.116160035133361816e+00 0.000000000000000000e+00 0.000000000000000000e+00 0.000000000000000000e+00 9.849449992179870605e-01 0.000000000000000000e+00 0.000000000000000000e+00 0.000000000000000000e+00 9.849449992179870605e-01
1.126260042190551758e+00 0.000000000000000000e+00 0.000000000000000000e+00 0.000000000000000000e+00 9.835850000381469727e-01 0.000000000000000000e+00 0.000000000000000000e+00 0.000000000000000000e+00 9.835850000381469727e-01
1.136360049247741699e+00 0.000000000000000000e+00 0.000000000000000000e+00 0.000000000000000000e+00 9.822170138359069824e-01 0.000000000000000000e+00 0.000000000000000000e+00 0.000000000000000000e+00 9.822170138359069824e-01
1.146460056304931641e+00 0.000000000000000000e+00 0.000000000000000000e+00 0.000000000000000000e+00 9.808419942855834961e-01 0.000000000000000000e+00 0.000000000000000000e+00 0.000000000000000000e+00 9.808419942855834961e-01
1.156569957733154297e+00 0.000000000000000000e+00 0.000000000000000000e+00 0.000000000000000000e+00 9.794600009918212891e-01 0.000000000000000000e+00 0.000000000000000000e+00 0.000000000000000000e+00 9.794600009918212891e-01
1.166669964790344238e+00 0.000000000000000000e+00 0.000000000000000000e+00 0.000000000000000000e+00 9.780700206756591797e-01 0.000000000000000000e+00 0.000000000000000000e+00 0.000000000000000000e+00 9.780700206756591797e-01
1.176769971847534180e+00 0.000000000000000000e+00 0.000000000000000000e+00 0.000000000000000000e+00 9.766740202903747559e-01 0.000000000000000000e+00 0.000000000000000000e+00 0.000000000000000000e+00 9.766740202903747559e-01
1.186869978904724121e+00 0.000000000000000000e+00 0.000000000000000000e+00 0.000000000000000000e+00 9.752699732780456543e-01 0.000000000000000000e+00 0.000000000000000000e+00 0.000000000000000000e+00 9.752699732780456543e-01
1.196969985961914062e+00 0.000000000000000000e+00 0.000000000000000000e+00 0.000000000000000000e+00 9.738600254058837891e-01 0.000000000000000000e+00 0.000000000000000000e+00 0.000000000000000000e+00 9.738600254058837891e-01
1.207069993019104004e+00 0.000000000000000000e+00 0.000000000000000000e+00 0.000000000000000000e+00 9.724429845809936523e-01 0.000000000000000000e+00 0.000000000000000000e+00 0.000000000000000000e+00 9.724429845809936523e-01
1.217170000076293945e+00 0.000000000000000000e+00 0.000000000000000000e+00 0.000000000000000000e+00 9.710199832916259766e-01 0.000000000000000000e+00 0.000000000000000000e+00 0.000000000000000000e+00 9.710199832916259766e-01
1.227270007133483887e+00 0.000000000000000000e+00 0.000000000000000000e+00 0.000000000000000000e+00 9.695900082588195801e-01 0.000000000000000000e+00 0.000000000000000000e+00 0.000000000000000000e+00 9.695900082588195801e-01
1.237370014190673828e+00 0.000000000000000000e+00 0.000000000000000000e+00 0.000000000000000000e+00 9.681529998779296875e-01 0.000000000000000000e+00 0.000000000000000000e+00 0.000000000000000000e+00 9.681529998779296875e-01
1.247470021247863770e+00 0.000000000000000000e+00 0.000000000000000000e+00 0.000000000000000000e+00 9.667109847068786621e-01 0.000000000000000000e+00 0.000000000000000000e+00 0.000000000000000000e+00 9.667109847068786621e-01
1.257580041885375977e+00 0.000000000000000000e+00 0.000000000000000000e+00 0.000000000000000000e+00 9.652619957923889160e-01 0.000000000000000000e+00 0.000000000000000000e+00 0.000000000000000000e+00 9.652619957923889160e-01
1.267680048942565918e+00 0.000000000000000000e+00 0.000000000000000000e+00 0.000000000000000000e+00 9.638069868087768555e-01 0.000000000000000000e+00 0.000000000000000000e+00 0.000000000000000000e+00 9.638069868087768555e-01
1.277780055999755859e+00 0.000000000000000000e+00 0.000000000000000000e+00 0.000000000000000000e+00 9.623460173606872559e-01 0.000000000000000000e+00 0.000000000000000000e+00 0.000000000000000000e+00 9.623460173606872559e-01
1.287879943847656250e+00 0.000000000000000000e+00 0.000000000000000000e+00 0.000000000000000000e+00 9.608790278434753418e-01 0.000000000000000000e+00 0.000000000000000000e+00 0.000000000000000000e+00 9.608790278434753418e-01
1.297979950904846191e+00 0.000000000000000000e+00 0.000000000000000000e+00 0.000000000000000000e+00 9.594069719314575195e-01 0.000000000000000000e+00 0.000000000000000000e+00 0.000000000000000000e+00 9.594069719314575195e-01
1.308079957962036133e+00 0.000000000000000000e+00 0.000000000000000000e+00 0.000000000000000000e+00 9.579280018806457520e-01 0.000000000000000000e+00 0.000000000000000000e+00 0.000000000000000000e+00 9.579280018806457520e-01
1.318179965019226074e+00 0.000000000000000000e+00 0.000000000000000000e+00 0.000000000000000000e+00 9.564449787139892578e-01 0.000000000000000000e+00 0.000000000000000000e+00 0.000000000000000000e+00 9.564449787139892578e-01
1.328279972076416016e+00 0.000000000000000000e+00 0.000000000000000000e+00 0.000000000000000000e+00 9.549549818038940430e-01 0.000000000000000000e+00 0.000000000000000000e+00 0.000000000000000000e+00 9.549549818038940430e-01
1.338379979133605957e+00 0.000000000000000000e+00 0.000000000000000000e+00 0.000000000000000000e+00 9.534609913825988770e-01 0.000000000000000000e+00 0.000000000000000000e+00 0.000000000000000000e+00 9.534609913825988770e-01
1.348479986190795898e+00 0.000000000000000000e+00 0.000000000000000000e+00 0.000000000000000000e+00 9.519609808921813965e-01 0.000000000000000000e+00 0.000000000000000000e+00 0.000000000000000000e+00 9.519609808921813965e-01
1.358590006828308105e+00 0.000000000000000000e+00 0.000000000000000000e+00 0.000000000000000000e+00 9.504560232162475586e-01 0.000000000000000000e+00 0.000000000000000000e+00 0.000000000000000000e+00 9.504560232162475586e-01
1.368690013885498047e+00 0.000000000000000000e+00 0.000000000000000000e+00 0.000000000000000000e+00 9.489459991455078125e-01 0.000000000000000000e+00 0.000000000000000000e+00 0.000000000000000000e+00 9.489459991455078125e-01
1.378790020942687988e+00 0.000000000000000000e+00 0.000000000000000000e+00 0.000000000000000000e+00 9.474310278892517090e-01 0.000000000000000000e+00 0.000000000000000000e+00 0.000000000000000000e+00 9.474310278892517090e-01
1.388890027999877930e+00 0.000000000000000000e+00 0.000000000000000000e+00 0.000000000000000000e+00 9.459120035171508789e-01 0.000000000000000000e+00 0.000000000000000000e+00 0.000000000000000000e+00 9.459120035171508789e-01
1.398990035057067871e+00 0.000000000000000000e+00 0.000000000000000000e+00 0.000000000000000000e+00 9.443870186805725098e-01 0.000000000000000000e+00 0.000000000000000000e+00 0.000000000000000000e+00 9.443870186805725098e-01
1.409090042114257812e+00 0.000000000000000000e+00 0.000000000000000000e+00 0.000000000000000000e+00 9.428579807281494141e-01 0.000000000000000000e+00 0.000000000000000000e+00 0.000000000000000000e+00 9.428579807281494141e-01
1.419190049171447754e+00 0.000000000000000000e+00 0.000000000000000000e+00 0.000000000000000000e+00 9.413250088691711426e-01 0.000000000000000000e+00 0.000000000000000000e+00 0.000000000000000000e+00 9.413250088691711426e-01
1.429290056228637695e+00 0.000000000000000000e+00 0.000000000000000000e+00 0.000000000000000000e+00 9.397869706153869629e-01 0.000000000000000000e+00 0.000000000000000000e+00 0.000000000000000000e+00 9.397869706153869629e-01
1.439389944076538086e+00 0.000000000000000000e+00 0.000000000000000000e+00 0.000000000000000000e+00 9.382439851760864258e-01 0.000000000000000000e+00 0.000000000000000000e+00 0.000000000000000000e+00 9.382439851760864258e-01
1.449489951133728027e+00 0.000000000000000000e+00 0.000000000000000000e+00 0.000000000000000000e+00 9.366980195045471191e-01 0.000000000000000000e+00 0.000000000000000000e+00 0.000000000000000000e+00 9.366980195045471191e-01
1.459599971771240234e+00 0.000000000000000000e+00 0.000000000000000000e+00 0.000000000000000000e+00 9.351469874382019043e-01 0.000000000000000000e+00 0.000000000000000000e+00 0.000000000000000000e+00 9.351469874382019043e-01
1.469699978828430176e+00 0.000000000000000000e+00 0.000000000000000000e+00 0.000000000000000000e+00 9.335920214653015137e-01 0.000000000000000000e+00 0.000000000000000000e+00 0.000000000000000000e+00 9.335920214653015137e-01
1.479799985885620117e+00 0.000000000000000000e+00 0.000000000000000000e+00 0.000000000000000000e+00 9.320340156555175781e-01 0.000000000000000000e+00 0.000000000000000000e+00 0.000000000000000000e+00 9.320340156555175781e-01
1.489899992942810059e+00 0.000000000000000000e+00 0.000000000000000000e+00 0.000000000000000000e+00 9.304710030555725098e-01 0.000000000000000000e+00 0.000000000000000000e+00 0.000000000000000000e+00 9.304710030555725098e-01
1.500000000000000000e+00 0.000000000000000000e+00 0.000000000000000000e+00 0.000000000000000000e+00 9.289050102233886719e-01 0.000000000000000000e+00 0.000000000000000000e+00 0.000000000000000000e+00 9.289050102233886719e-01
