-1.776968717575073242e+00 0.000000000000000000e+00 0.000000000000000000e+00 0.000000000000000000e+00 -1.776968717575073242e+00 0.000000000000000000e+00 0.000000000000000000e+00 0.000000000000000000e+00 2.109299786388874054e-02
-1.725028753280639648e+00 0.000000000000000000e+00 0.000000000000000000e+00 0.000000000000000000e+00 -1.725028753280639648e+00 0.000000000000000000e+00 0.000000000000000000e+00 0.000000000000000000e+00 1.626524515450000763e-02
-1.673361778259277344e+00 0.000000000000000000e+00 0.000000000000000000e+00 0.000000000000000000e+00 -1.673361778259277344e+00 0.000000000000000000e+00 0.000000000000000000e+00 0.000000000000000000e+00 1.207537297159433365e-02
-1.622107625007629395e+00 0.000000000000000000e+00 0.000000000000000000e+00 0.000000000000000000e+00 -1.622107625007629395e+00 0.000000000000000000e+00 0.000000000000000000e+00 0.000000000000000000e+00 8.483072742819786072e-03
-1.571393728256225586e+00 0.000000000000000000e+00 0.000000000000000000e+00 0.000000000000000000e+00 -1.571393728256225586e+00 0.000000000000000000e+00 0.000000000000000000e+00 0.000000000000000000e+00 5.391529761254787445e-03
-1.521335482597351074e+00 0.000000000000000000e+00 0.000000000000000000e+00 0.000000000000000000e+00 -1.521335482597351074e+00 0.000000000000000000e+00 0.000000000000000000e+00 0.000000000000000000e+00 2.778230234980583191e-03
-1.472024559974670410e+00 0.000000000000000000e+00 0.000000000000000000e+00 0.000000000000000000e+00 -1.472024559974670410e+00 0.000000000000000000e+00 0.000000000000000000e+00 0.000000000000000000e+00 5.695284344255924225e-04
-1.423543691635131836e+00 0.000000000000000000e+00 0.000000000000000000e+00 0.000000000000000000e+00 -1.423543691635131836e+00 0.000000000000000000e+00 0.000000000000000000e+00 0.000000000000000000e+00 -1.287895720452070236e-03
-1.375954508781433105e+00 0.000000000000000000e+00 0.000000000000000000e+00 0.000000000000000000e+00 -1.375954508781433105e+00 0.000000000000000000e+00 0.000000000000000000e+00 0.000000000000000000e+00 -2.824590075761079788e-03
-1.329304337501525879e+00 0.000000000000000000e+00 0.000000000000000000e+00 0.000000000000000000e+00 -1.329304337501525879e+00 0.000000000000000000e+00 0.000000000000000000e+00 0.000000000000000000e+00 -4.104637540876865387e-03
-1.283627271652221680e+00 0.000000000000000000e+00 0.000000000000000000e+00 0.000000000000000000e+00 -1.283627271652221680e+00 0.000000000000000000e+00 0.000000000000000000e+00 0.000000000000000000e+00 -5.168586503714323044e-03
-1.238941907882690430e+00 0.000000000000000000e+00 0.000000000000000000e+00 0.000000000000000000e+00 -1.238941907882690430e+00 0.000000000000000000e+00 0.000000000000000000e+00 0.000000000000000000e+00 -6.033780053257942200e-03
-1.195251226425170898e+00 0.000000000000000000e+00 0.000000000000000000e+00 0.000000000000000000e+00 -1.195251226425170898e+00 0.000000000000000000e+00 0.000000000000000000e+00 0.000000000000000000e+00 -6.730092689394950867e-03
-1.152554392814636230e+00 0.000000000000000000e+00 0.000000000000000000e+00 0.000000000000000000e+00 -1.152554392814636230e+00 0.000000000000000000e+00 0.000000000000000000e+00 0.000000000000000000e+00 -7.287057116627693176e-03
-1.110839009284973145e+00 0.000000000000000000e+00 0.000000000000000000e+00 0.000000000000000000e+00 -1.110839009284973145e+00 0.000000000000000000e+00 0.000000000000000000e+00 0.000000000000000000e+00 -7.746890187263488770e-03
-1.070078969001770020e+00 0.000000000000000000e+00 0.000000000000000000e+00 0.000000000000000000e+00 -1.070078969001770020e+00 0.000000000000000000e+00 0.000000000000000000e+00 0.000000000000000000e+00 -8.108567446470260620e-03
-1.030251026153564453e+00 0.000000000000000000e+00 0.000000000000000000e+00 0.000000000000000000e+00 -1.030251026153564453e+00 0.000000000000000000e+00 0.000000000000000000e+00 0.000000000000000000e+00 -8.409988135099411011e-03
-9.913139343261718750e-01 0.000000000000000000e+00 0.000000000000000000e+00 0.000000000000000000e+00 -9.913139343261718750e-01 0.000000000000000000e+00 0.000000000000000000e+00 0.000000000000000000e+00 -8.621010929346084595e-03
-9.532345533370971680e-01 0.000000000000000000e+00 0.000000000000000000e+00 0.000000000000000000e+00 -9.532345533370971680e-01 0.000000000000000000e+00 0.000000000000000000e+00 0.000000000000000000e+00 -8.775434456765651703e-03
-9.159724712371826172e-01 0.000000000000000000e+00 0.000000000000000000e+00 0.000000000000000000e+00 -9.159724712371826172e-01 0.000000000000000000e+00 0.000000000000000000e+00 0.000000000000000000e+00 -8.899980224668979645e-03
-8.794826865196228027e-01 0.000000000000000000e+00 0.000000000000000000e+00 0.000000000000000000e+00 -8.794826865196228027e-01 0.000000000000000000e+00 0.000000000000000000e+00 0.000000000000000000e+00 -8.960817009210586548e-03
-8.437237143516540527e-01 0.000000000000000000e+00 0.000000000000000000e+00 0.000000000000000000e+00 -8.437237143516540527e-01 0.000000000000000000e+00 0.000000000000000000e+00 0.000000000000000000e+00 -8.983854204416275024e-03
-8.086521625518798828e-01 0.000000000000000000e+00 0.000000000000000000e+00 0.000000000000000000e+00 -8.086521625518798828e-01 0.000000000000000000e+00 0.000000000000000000e+00 0.000000000000000000e+00 -8.973038755357265472e-03
-7.742267847061157227e-01 0.000000000000000000e+00 0.000000000000000000e+00 0.000000000000000000e+00 -7.742267847061157227e-01 0.000000000000000000e+00 0.000000000000000000e+00 0.000000000000000000e+00 -8.931616321206092834e-03
-7.404034137725830078e-01 0.000000000000000000e+00 0.000000000000000000e+00 0.000000000000000000e+00 -7.404034137725830078e-01 0.000000000000000000e+00 0.000000000000000000e+00 0.000000000000000000e+00 -8.842417970299720764e-03
-7.071467638015747070e-01 0.000000000000000000e+00 0.000000000000000000e+00 0.000000000000000000e+00 -7.071467638015747070e-01 0.000000000000000000e+00 0.000000000000000000e+00 0.000000000000000000e+00 -8.728879503905773163e-03
-6.744182109832763672e-01 0.000000000000000000e+00 0.000000000000000000e+00 0.000000000000000000e+00 -6.744182109832763672e-01 0.000000000000000000e+00 0.000000000000000000e+00 0.000000000000000000e+00 -8.592911064624786377e-03
-6.421827077865600586e-01 0.000000000000000000e+00 0.000000000000000000e+00 0.000000000000000000e+00 -6.421827077865600586e-01 0.000000000000000000e+00 0.000000000000000000e+00 0.000000000000000000e+00 -8.418126031756401062e-03
-6.104089021682739258e-01 0.000000000000000000e+00 0.000000000000000000e+00 0.000000000000000000e+00 -6.104089021682739258e-01 0.000000000000000000e+00 0.000000000000000000e+00 0.000000000000000000e+00 -8.226304315030574799e-03
-5.790669322013854980e-01 0.000000000000000000e+00 0.000000000000000000e+00 0.000000000000000000e+00 -5.790669322013854980e-01 0.000000000000000000e+00 0.000000000000000000e+00 0.000000000000000000e+00 -8.001572452485561371e-03
-5.481261014938354492e-01 0.000000000000000000e+00 0.000000000000000000e+00 0.000000000000000000e+00 -5.481261014938354492e-01 0.000000000000000000e+00 0.000000000000000000e+00 0.000000000000000000e+00 -7.744954433292150497e-03
-5.175688266754150391e-01 0.000000000000000000e+00 0.000000000000000000e+00 0.000000000000000000e+00 -5.175688266754150391e-01 0.000000000000000000e+00 0.000000000000000000e+00 0.000000000000000000e+00 -7.483658380806446075e-03
-4.873669743537902832e-01 0.000000000000000000e+00 0.000000000000000000e+00 0.000000000000000000e+00 -4.873669743537902832e-01 0.000000000000000000e+00 0.000000000000000000e+00 0.000000000000000000e+00 -7.198171224445104599e-03
-4.575020074844360352e-01 0.000000000000000000e+00 0.000000000000000000e+00 0.000000000000000000e+00 -4.575020074844360352e-01 0.000000000000000000e+00 0.000000000000000000e+00 0.000000000000000000e+00 -6.892889738082885742e-03
-4.279581010341644287e-01 0.000000000000000000e+00 0.000000000000000000e+00 0.000000000000000000e+00 -4.279581010341644287e-01 0.000000000000000000e+00 0.000000000000000000e+00 0.000000000000000000e+00 -6.592411082237958908e-03
-3.987121284008026123e-01 0.000000000000000000e+00 0.000000000000000000e+00 0.000000000000000000e+00 -3.987121284008026123e-01 0.000000000000000000e+00 0.000000000000000000e+00 0.000000000000000000e+00 -6.257076747715473175e-03
-3.697566986083984375e-01 0.000000000000000000e+00 0.000000000000000000e+00 0.000000000000000000e+00 -3.697566986083984375e-01 0.000000000000000000e+00 0.000000000000000000e+00 0.000000000000000000e+00 -5.934093613177537918e-03
-3.410700261592864990e-01 0.000000000000000000e+00 0.000000000000000000e+00 0.000000000000000000e+00 -3.410700261592864990e-01 0.000000000000000000e+00 0.000000000000000000e+00 0.000000000000000000e+00 -5.581730045378208160e-03
-3.126481175422668457e-01 0.000000000000000000e+00 0.000000000000000000e+00 0.000000000000000000e+00 -3.126481175422668457e-01 0.000000000000000000e+00 0.000000000000000000e+00 0.000000000000000000e+00 -5.248196888715028763e-03
-2.844712138175964355e-01 0.000000000000000000e+00 0.000000000000000000e+00 0.000000000000000000e+00 -2.844712138175964355e-01 0.000000000000000000e+00 0.000000000000000000e+00 0.000000000000000000e+00 -4.890866577625274658e-03
-2.565355598926544189e-01 0.000000000000000000e+00 0.000000000000000000e+00 0.000000000000000000e+00 -2.565355598926544189e-01 0.000000000000000000e+00 0.000000000000000000e+00 0.000000000000000000e+00 -4.555967170745134354e-03
-2.288244664669036865e-01 0.000000000000000000e+00 0.000000000000000000e+00 0.000000000000000000e+00 -2.288244664669036865e-01 0.000000000000000000e+00 0.000000000000000000e+00 0.000000000000000000e+00 -4.201155621558427811e-03
-2.013314068317413330e-01 0.000000000000000000e+00 0.000000000000000000e+00 0.000000000000000000e+00 -2.013314068317413330e-01 0.000000000000000000e+00 0.000000000000000000e+00 0.000000000000000000e+00 -3.849566914141178131e-03
-1.740473806858062744e-01 0.000000000000000000e+00 0.000000000000000000e+00 0.000000000000000000e+00 -1.740473806858062744e-01 0.000000000000000000e+00 0.000000000000000000e+00 0.000000000000000000e+00 -3.502891166135668755e-03
-1.469612270593643188e-01 0.000000000000000000e+00 0.000000000000000000e+00 0.000000000000000000e+00 -1.469612270593643188e-01 0.000000000000000000e+00 0.000000000000000000e+00 0.000000000000000000e+00 -3.140063490718603134e-03
-1.200659424066543579e-01 0.000000000000000000e+00 0.000000000000000000e+00 0.000000000000000000e+00 -1.200659424066543579e-01 0.000000000000000000e+00 0.000000000000000000e+00 0.000000000000000000e+00 -2.782951807603240013e-03
-9.335544705390930176e-02 0.000000000000000000e+00 0.000000000000000000e+00 0.000000000000000000e+00 -9.335544705390930176e-02 0.000000000000000000e+00 0.000000000000000000e+00 0.000000000000000000e+00 -2.432931214570999146e-03
-6.681727617979049683e-02 0.000000000000000000e+00 0.000000000000000000e+00 0.000000000000000000e+00 -6.681727617979049683e-02 0.000000000000000000e+00 0.000000000000000000e+00 0.000000000000000000e+00 -2.067426685243844986e-03
-4.044266045093536377e-02 0.000000000000000000e+00 0.000000000000000000e+00 0.000000000000000000e+00 -4.044266045093536377e-02 0.000000000000000000e+00 0.000000000000000000e+00 0.000000000000000000e+00 -1.685452531091868877e-03
-1.423168461769819260e-02 0.000000000000000000e+00 0.000000000000000000e+00 0.000000000000000000e+00 -1.423168461769819260e-02 0.000000000000000000e+00 0.000000000000000000e+00 0.000000000000000000e+00 -1.333716092631220818e-03
1.183140557259321213e-02 0.000000000000000000e+00 0.000000000000000000e+00 0.000000000000000000e+00 1.183140557259321213e-02 0.000000000000000000e+00 0.000000000000000000e+00 0.000000000000000000e+00 -9.491417440585792065e-04
3.774852305650711060e-02 0.000000000000000000e+00 0.000000000000000000e+00 0.000000000000000000e+00 3.774852305650711060e-02 0.000000000000000000e+00 0.000000000000000000e+00 0.000000000000000000e+00 -5.673675914295017719e-04
6.352967768907546997e-02 0.000000000000000000e+00 0.000000000000000000e+00 0.000000000000000000e+00 6.352967768907546997e-02 0.000000000000000000e+00 0.000000000000000000e+00 0.000000000000000000e+00 -1.798126904759556055e-04
8.918043971061706543e-02 0.000000000000000000e+00 0.000000000000000000e+00 0.000000000000000000e+00 8.918043971061706543e-02 0.000000000000000000e+00 0.000000000000000000e+00 0.000000000000000000e+00 2.161364245694130659e-04
1.147080659866333008e-01 0.000000000000000000e+00 0.000000000000000000e+00 0.000000000000000000e+00 1.147080659866333008e-01 0.000000000000000000e+00 0.000000000000000000e+00 0.000000000000000000e+00 6.154574803076684475e-04
1.401460021734237671e-01 0.000000000000000000e+00 0.000000000000000000e+00 0.000000000000000000e+00 1.401460021734237671e-01 0.000000000000000000e+00 0.000000000000000000e+00 0.000000000000000000e+00 1.029575360007584095e-03
1.654502153396606445e-01 0.000000000000000000e+00 0.000000000000000000e+00 0.000000000000000000e+00 1.654502153396606445e-01 0.000000000000000000e+00 0.000000000000000000e+00 0.000000000000000000e+00 1.445227535441517830e-03
1.906487792730331421e-01 0.000000000000000000e+00 0.000000000000000000e+00 0.000000000000000000e+00 1.906487792730331421e-01 0.000000000000000000e+00 0.000000000000000000e+00 0.000000000000000000e+00 1.863218378275632858e-03
2.157511562108993530e-01 0.000000000000000000e+00 0.000000000000000000e+00 0.000000000000000000e+00 2.157511562108993530e-01 0.000000000000000000e+00 0.000000000000000000e+00 0.000000000000000000e+00 2.287684008479118347e-03
2.407606244087219238e-01 0.000000000000000000e+00 0.000000000000000000e+00 0.000000000000000000e+00 2.407606244087219238e-01 0.000000000000000000e+00 0.000000000000000000e+00 0.000000000000000000e+00 2.711550332605838776e-03
2.656844854354858398e-01 0.000000000000000000e+00 0.000000000000000000e+00 0.000000000000000000e+00 2.656844854354858398e-01 0.000000000000000000e+00 0.000000000000000000e+00 0.000000000000000000e+00 3.139184089377522469e-03
2.905268371105194092e-01 0.000000000000000000e+00 0.000000000000000000e+00 0.000000000000000000e+00 2.905268371105194092e-01 0.000000000000000000e+00 0.000000000000000000e+00 0.000000000000000000e+00 3.566364990547299385e-03
3.152922391891479492e-01 0.000000000000000000e+00 0.000000000000000000e+00 0.000000000000000000e+00 3.152922391891479492e-01 0.000000000000000000e+00 0.000000000000000000e+00 0.000000000000000000e+00 3.987438511103391647e-03
3.399861752986907959e-01 0.000000000000000000e+00 0.000000000000000000e+00 0.000000000000000000e+00 3.399861752986907959e-01 0.000000000000000000e+00 0.000000000000000000e+00 0.000000000000000000e+00 4.404258448630571365e-03
3.646132349967956543e-01 0.000000000000000000e+00 0.000000000000000000e+00 0.000000000000000000e+00 3.646132349967956543e-01 0.000000000000000000e+00 0.000000000000000000e+00 0.000000000000000000e+00 4.813548643141984940e-03
3.892030119895935059e-01 0.000000000000000000e+00 0.000000000000000000e+00 0.000000000000000000e+00 3.892030119895935059e-01 0.000000000000000000e+00 0.000000000000000000e+00 0.000000000000000000e+00 5.216573830693960190e-03
4.137088656425476074e-01 0.000000000000000000e+00 0.000000000000000000e+00 0.000000000000000000e+00 4.137088656425476074e-01 0.000000000000000000e+00 0.000000000000000000e+00 0.000000000000000000e+00 5.596200004220008850e-03
4.381608664989471436e-01 0.000000000000000000e+00 0.000000000000000000e+00 0.000000000000000000e+00 4.381608664989471436e-01 0.000000000000000000e+00 0.000000000000000000e+00 0.000000000000000000e+00 5.958574824035167694e-03
4.625619649887084961e-01 0.000000000000000000e+00 0.000000000000000000e+00 0.000000000000000000e+00 4.625619649887084961e-01 0.000000000000000000e+00 0.000000000000000000e+00 0.000000000000000000e+00 6.298623513430356979e-03
4.869160056114196777e-01 0.000000000000000000e+00 0.000000000000000000e+00 0.000000000000000000e+00 4.869160056114196777e-01 0.000000000000000000e+00 0.000000000000000000e+00 0.000000000000000000e+00 6.609602365642786026e-03
5.112274885177612305e-01 0.000000000000000000e+00 0.000000000000000000e+00 0.000000000000000000e+00 5.112274885177612305e-01 0.000000000000000000e+00 0.000000000000000000e+00 0.000000000000000000e+00 6.892276462167501450e-03
5.354982018470764160e-01 0.000000000000000000e+00 0.000000000000000000e+00 0.000000000000000000e+00 5.354982018470764160e-01 0.000000000000000000e+00 0.000000000000000000e+00 0.000000000000000000e+00 7.138466928154230118e-03
5.597324371337890625e-01 0.000000000000000000e+00 0.000000000000000000e+00 0.000000000000000000e+00 5.597324371337890625e-01 0.000000000000000000e+00 0.000000000000000000e+00 0.000000000000000000e+00 7.348579354584217072e-03
5.839326977729797363e-01 0.000000000000000000e+00 0.000000000000000000e+00 0.000000000000000000e+00 5.839326977729797363e-01 0.000000000000000000e+00 0.000000000000000000e+00 0.000000000000000000e+00 7.512164767831563950e-03
6.081030368804931641e-01 0.000000000000000000e+00 0.000000000000000000e+00 0.000000000000000000e+00 6.081030368804931641e-01 0.000000000000000000e+00 0.000000000000000000e+00 0.000000000000000000e+00 7.628314662724733353e-03
6.322706341743469238e-01 0.000000000000000000e+00 0.000000000000000000e+00 0.000000000000000000e+00 6.322706341743469238e-01 0.000000000000000000e+00 0.000000000000000000e+00 0.000000000000000000e+00 7.700440473854541779e-03
6.563887000083923340e-01 0.000000000000000000e+00 0.000000000000000000e+00 0.000000000000000000e+00 6.563887000083923340e-01 0.000000000000000000e+00 0.000000000000000000e+00 0.000000000000000000e+00 7.709210272878408432e-03
6.804856657981872559e-01 0.000000000000000000e+00 0.000000000000000000e+00 0.000000000000000000e+00 6.804856657981872559e-01 0.000000000000000000e+00 0.000000000000000000e+00 0.000000000000000000e+00 7.657792419195175171e-03
7.045629620552062988e-01 0.000000000000000000e+00 0.000000000000000000e+00 0.000000000000000000e+00 7.045629620552062988e-01 0.000000000000000000e+00 0.000000000000000000e+00 0.000000000000000000e+00 7.539907004684209824e-03
7.286242842674255371e-01 0.000000000000000000e+00 0.000000000000000000e+00 0.000000000000000000e+00 7.286242842674255371e-01 0.000000000000000000e+00 0.000000000000000000e+00 0.000000000000000000e+00 7.350942119956016541e-03
7.526720166206359863e-01 0.000000000000000000e+00 0.000000000000000000e+00 0.000000000000000000e+00 7.526720166206359863e-01 0.000000000000000000e+00 0.000000000000000000e+00 0.000000000000000000e+00 7.089626044034957886e-03
7.767094969749450684e-01 0.000000000000000000e+00 0.000000000000000000e+00 0.000000000000000000e+00 7.767094969749450684e-01 0.000000000000000000e+00 0.000000000000000000e+00 0.000000000000000000e+00 6.751344539225101471e-03
8.007389903068542480e-01 0.000000000000000000e+00 0.000000000000000000e+00 0.000000000000000000e+00 8.007389903068542480e-01 0.000000000000000000e+00 0.000000000000000000e+00 0.000000000000000000e+00 6.330769043415784836e-03
8.247621655464172363e-01 0.000000000000000000e+00 0.000000000000000000e+00 0.000000000000000000e+00 8.247621655464172363e-01 0.000000000000000000e+00 0.000000000000000000e+00 0.000000000000000000e+00 5.823045503348112106e-03
8.487831950187683105e-01 0.000000000000000000e+00 0.000000000000000000e+00 0.000000000000000000e+00 8.487831950187683105e-01 0.000000000000000000e+00 0.000000000000000000e+00 0.000000000000000000e+00 5.227972287684679031e-03
8.728280663490295410e-01 0.000000000000000000e+00 0.000000000000000000e+00 0.000000000000000000e+00 8.728280663490295410e-01 0.000000000000000000e+00 0.000000000000000000e+00 0.000000000000000000e+00 4.544204100966453552e-03
8.968509435653686523e-01 0.000000000000000000e+00 0.000000000000000000e+00 0.000000000000000000e+00 8.968509435653686523e-01 0.000000000000000000e+00 0.000000000000000000e+00 0.000000000000000000e+00 3.757482394576072693e-03
9.208776950836181641e-01 0.000000000000000000e+00 0.000000000000000000e+00 0.000000000000000000e+00 9.208776950836181641e-01 0.000000000000000000e+00 0.000000000000000000e+00 0.000000000000000000e+00 2.868964569643139839e-03
9.449126720428466797e-01 0.000000000000000000e+00 0.000000000000000000e+00 0.000000000000000000e+00 9.449126720428466797e-01 0.000000000000000000e+00 0.000000000000000000e+00 0.000000000000000000e+00 1.877250964753329754e-03
9.689583182334899902e-01 0.000000000000000000e+00 0.000000000000000000e+00 0.000000000000000000e+00 9.689583182334899902e-01 0.000000000000000000e+00 0.000000000000000000e+00 0.000000000000000000e+00 7.782013271935284138e-04
9.930157661437988281e-01 0.000000000000000000e+00 0.000000000000000000e+00 0.000000000000000000e+00 9.930157661437988281e-01 0.000000000000000000e+00 0.000000000000000000e+00 0.000000000000000000e+00 -4.311309312470257282e-04
1.017089247703552246e+00 0.000000000000000000e+00 0.000000000000000000e+00 0.000000000000000000e+00 1.017089247703552246e+00 0.000000000000000000e+00 0.000000000000000000e+00 0.000000000000000000e+00 -1.753700664266943932e-03
1.041181087493896484e+00 0.000000000000000000e+00 0.000000000000000000e+00 0.000000000000000000e+00 1.041181087493896484e+00 0.000000000000000000e+00 0.000000000000000000e+00 0.000000000000000000e+00 -3.191024065017700195e-03
1.065292358398437500e+00 0.000000000000000000e+00 0.000000000000000000e+00 0.000000000000000000e+00 1.065292358398437500e+00 0.000000000000000000e+00 0.000000000000000000e+00 0.000000000000000000e+00 -4.747720900923013687e-03
1.089428424835205078e+00 0.000000000000000000e+00 0.000000000000000000e+00 0.000000000000000000e+00 1.089428424835205078e+00 0.000000000000000000e+00 0.000000000000000000e+00 0.000000000000000000e+00 -6.424237042665481567e-03
1.113613843917846680e+00 0.000000000000000000e+00 0.000000000000000000e+00 0.000000000000000000e+00 1.113613843917846680e+00 0.000000000000000000e+00 0.000000000000000000e+00 0.000000000000000000e+00 -8.219270966947078705e-03
1.137804627418518066e+00 0.000000000000000000e+00 0.000000000000000000e+00 0.000000000000000000e+00 1.137804627418518066e+00 0.000000000000000000e+00 0.000000000000000000e+00 0.000000000000000000e+00 -1.014571264386177063e-02
1.162026286125183105e+00 0.000000000000000000e+00 0.000000000000000000e+00 0.000000000000000000e+00 1.162026286125183105e+00 0.000000000000000000e+00 0.000000000000000000e+00 0.000000000000000000e+00 -1.219844166189432144e-02
1.186282992362976074e+00 0.000000000000000000e+00 0.000000000000000000e+00 0.000000000000000000e+00 1.186282992362976074e+00 0.000000000000000000e+00 0.000000000000000000e+00 0.000000000000000000e+00 -1.437874138355255127e-02
1.210576057434082031e+00 0.000000000000000000e+00 0.000000000000000000e+00 0.000000000000000000e+00 1.210576057434082031e+00 0.000000000000000000e+00 0.000000000000000000e+00 0.000000000000000000e+00 -1.669136062264442444e-02
