-2.120852470397949219e-03 -5.034351944923400879e-01 0.000000000000000000e+00 -5.044957399368286133e-01 -2.120971679687500000e-03 0.000000000000000000e+00 0.000000000000000000e+00 0.000000000000000000e+00 4.018759727478027344e-02
-2.011775970458984375e-03 -4.929342269897460938e-01 0.000000000000000000e+00 -4.939197897911071777e-01 -2.011775970458984375e-03 0.000000000000000000e+00 0.000000000000000000e+00 0.000000000000000000e+00 3.857982158660888672e-02
-1.913189888000488281e-03 -4.824512302875518799e-01 0.000000000000000000e+00 -4.833692312240600586e-01 -1.913309097290039062e-03 0.000000000000000000e+00 0.000000000000000000e+00 0.000000000000000000e+00 3.699827194213867188e-02
-1.819014549255371094e-03 -4.719860851764678955e-01 0.000000000000000000e+00 -4.728406071662902832e-01 -1.819133758544921875e-03 0.000000000000000000e+00 0.000000000000000000e+00 0.000000000000000000e+00 3.544890880584716797e-02
-1.732707023620605469e-03 -4.615384936332702637e-01 0.000000000000000000e+00 -4.623348414897918701e-01 -1.732587814331054688e-03 0.000000000000000000e+00 0.000000000000000000e+00 0.000000000000000000e+00 3.392851352691650391e-02
-1.651883125305175781e-03 -4.511084556579589844e-01 0.000000000000000000e+00 -4.518508911132812500e-01 -1.651763916015625000e-03 0.000000000000000000e+00 0.000000000000000000e+00 0.000000000000000000e+00 3.243875503540039062e-02
-1.578807830810546875e-03 -4.406956434249877930e-01 0.000000000000000000e+00 -4.413893222808837891e-01 -1.578807830810546875e-03 0.000000000000000000e+00 0.000000000000000000e+00 0.000000000000000000e+00 3.097784519195556641e-02
-1.511573791503906250e-03 -4.302998781204223633e-01 0.000000000000000000e+00 -4.309487342834472656e-01 -1.511454582214355469e-03 0.000000000000000000e+00 0.000000000000000000e+00 0.000000000000000000e+00 2.954733371734619141e-02
-1.450061798095703125e-03 -4.199209511280059814e-01 0.000000000000000000e+00 -4.205288290977478027e-01 -1.450181007385253906e-03 0.000000000000000000e+00 0.000000000000000000e+00 0.000000000000000000e+00 2.814733982086181641e-02
-1.393079757690429688e-03 -4.095586538314819336e-01 0.000000000000000000e+00 -4.101285338401794434e-01 -1.393079757690429688e-03 0.000000000000000000e+00 0.000000000000000000e+00 0.000000000000000000e+00 2.677905559539794922e-02
-1.341581344604492188e-03 -3.992126882076263428e-01 0.000000000000000000e+00 -3.997479677200317383e-01 -1.341581344604492188e-03 0.000000000000000000e+00 0.000000000000000000e+00 0.000000000000000000e+00 2.544152736663818359e-02
-1.296281814575195312e-03 -3.888828158378601074e-01 0.000000000000000000e+00 -3.893869519233703613e-01 -1.296281814575195312e-03 0.000000000000000000e+00 0.000000000000000000e+00 0.000000000000000000e+00 2.413380146026611328e-02
-1.253724098205566406e-03 -3.785687685012817383e-01 0.000000000000000000e+00 -3.790436685085296631e-01 -1.253724098205566406e-03 0.000000000000000000e+00 0.000000000000000000e+00 0.000000000000000000e+00 2.285921573638916016e-02
-1.217365264892578125e-03 -3.682705163955688477e-01 0.000000000000000000e+00 -3.687193095684051514e-01 -1.217365264892578125e-03 0.000000000000000000e+00 0.000000000000000000e+00 0.000000000000000000e+00 2.161443233489990234e-02
-1.185536384582519531e-03 -3.579874634742736816e-01 0.000000000000000000e+00 -3.584125936031341553e-01 -1.185536384582519531e-03 0.000000000000000000e+00 0.000000000000000000e+00 0.000000000000000000e+00 2.040076255798339844e-02
-1.156091690063476562e-03 -3.477195501327514648e-01 0.000000000000000000e+00 -3.481224775314331055e-01 -1.156091690063476562e-03 0.000000000000000000e+00 0.000000000000000000e+00 0.000000000000000000e+00 1.922059059143066406e-02
-1.131772994995117188e-03 -3.374663591384887695e-01 0.000000000000000000e+00 -3.378493189811706543e-01 -1.131772994995117188e-03 0.000000000000000000e+00 0.000000000000000000e+00 0.000000000000000000e+00 1.807093620300292969e-02
-1.111626625061035156e-03 -3.272276520729064941e-01 0.000000000000000000e+00 -3.275926113128662109e-01 -1.111745834350585938e-03 0.000000000000000000e+00 0.000000000000000000e+00 0.000000000000000000e+00 1.695263385772705078e-02
-1.093149185180664062e-03 -3.170031309127807617e-01 0.000000000000000000e+00 -3.173509836196899414e-01 -1.093149185180664062e-03 0.000000000000000000e+00 0.000000000000000000e+00 0.000000000000000000e+00 1.586818695068359375e-02
-1.079559326171875000e-03 -3.067925274372100830e-01 0.000000000000000000e+00 -3.071251511573791504e-01 -1.079678535461425781e-03 0.000000000000000000e+00 0.000000000000000000e+00 0.000000000000000000e+00 1.481413841247558594e-02
-1.068472862243652344e-03 -2.965953946113586426e-01 0.000000000000000000e+00 -2.969137132167816162e-01 -1.068353652954101562e-03 0.000000000000000000e+00 0.000000000000000000e+00 0.000000000000000000e+00 1.379323005676269531e-02
-1.059412956237792969e-03 -2.864114046096801758e-01 0.000000000000000000e+00 -2.867164015769958496e-01 -1.059532165527343750e-03 0.000000000000000000e+00 0.000000000000000000e+00 0.000000000000000000e+00 1.280522346496582031e-02
-1.051902770996093750e-03 -2.762403190135955811e-01 0.000000000000000000e+00 -2.765325307846069336e-01 -1.051902770996093750e-03 0.000000000000000000e+00 0.000000000000000000e+00 0.000000000000000000e+00 1.185119152069091797e-02
-1.049757003784179688e-03 -2.660817503929138184e-01 0.000000000000000000e+00 -2.663627266883850098e-01 -1.049757003784179688e-03 0.000000000000000000e+00 0.000000000000000000e+00 0.000000000000000000e+00 1.092672348022460938e-02
-1.047253608703613281e-03 -2.559352517127990723e-01 0.000000000000000000e+00 -2.562049925327301025e-01 -1.047253608703613281e-03 0.000000000000000000e+00 0.000000000000000000e+00 0.000000000000000000e+00 1.003766059875488281e-02
-1.047134399414062500e-03 -2.458005845546722412e-01 0.000000000000000000e+00 -2.460597306489944458e-01 -1.047134399414062500e-03 0.000000000000000000e+00 0.000000000000000000e+00 0.000000000000000000e+00 9.181261062622070312e-03
-1.048564910888671875e-03 -2.356772124767303467e-01 0.000000000000000000e+00 -2.359261214733123779e-01 -1.048684120178222656e-03 0.000000000000000000e+00 0.000000000000000000e+00 0.000000000000000000e+00 8.358120918273925781e-03
-1.052021980285644531e-03 -2.255649566650390625e-01 0.000000000000000000e+00 -2.258040010929107666e-01 -1.051902770996093750e-03 0.000000000000000000e+00 0.000000000000000000e+00 0.000000000000000000e+00 7.567882537841796875e-03
-1.055598258972167969e-03 -2.154632210731506348e-01 0.000000000000000000e+00 -2.156924903392791748e-01 -1.055717468261718750e-03 0.000000000000000000e+00 0.000000000000000000e+00 0.000000000000000000e+00 6.812095642089843750e-03
-1.060843467712402344e-03 -2.053716629743576050e-01 0.000000000000000000e+00 -2.055913507938385010e-01 -1.060962677001953125e-03 0.000000000000000000e+00 0.000000000000000000e+00 0.000000000000000000e+00 6.089448928833007812e-03
-1.068115234375000000e-03 -1.952899098396301270e-01 0.000000000000000000e+00 -1.955002844333648682e-01 -1.067996025085449219e-03 0.000000000000000000e+00 0.000000000000000000e+00 0.000000000000000000e+00 5.399465560913085938e-03
-1.073837280273437500e-03 -1.852174848318099976e-01 0.000000000000000000e+00 -1.854181289672851562e-01 -1.073718070983886719e-03 0.000000000000000000e+00 0.000000000000000000e+00 0.000000000000000000e+00 4.745483398437500000e-03
-1.082420349121093750e-03 -1.751540154218673706e-01 0.000000000000000000e+00 -1.753453612327575684e-01 -1.082539558410644531e-03 0.000000000000000000e+00 0.000000000000000000e+00 0.000000000000000000e+00 4.122972488403320312e-03
-1.091003417968750000e-03 -1.650990247726440430e-01 0.000000000000000000e+00 -1.652808636426925659e-01 -1.091003417968750000e-03 0.000000000000000000e+00 0.000000000000000000e+00 0.000000000000000000e+00 3.535270690917968750e-03
-1.099705696105957031e-03 -1.550520211458206177e-01 0.000000000000000000e+00 -1.552242189645767212e-01 -1.099824905395507812e-03 0.000000000000000000e+00 0.000000000000000000e+00 0.000000000000000000e+00 2.981662750244140625e-03
-1.107931137084960938e-03 -1.450126171112060547e-01 0.000000000000000000e+00 -1.451748907566070557e-01 -1.107931137084960938e-03 0.000000000000000000e+00 0.000000000000000000e+00 0.000000000000000000e+00 2.462863922119140625e-03
-1.116514205932617188e-03 -1.349803805351257324e-01 0.000000000000000000e+00 -1.351326256990432739e-01 -1.116514205932617188e-03 0.000000000000000000e+00 0.000000000000000000e+00 0.000000000000000000e+00 1.977920532226562500e-03
-1.124978065490722656e-03 -1.249547973275184631e-01 0.000000000000000000e+00 -1.250968575477600098e-01 -1.124978065490722656e-03 0.000000000000000000e+00 0.000000000000000000e+00 0.000000000000000000e+00 1.527428627014160156e-03
-1.132726669311523438e-03 -1.149353981018066406e-01 0.000000000000000000e+00 -1.150669753551483154e-01 -1.132726669311523438e-03 0.000000000000000000e+00 0.000000000000000000e+00 0.000000000000000000e+00 1.111865043640136719e-03
-1.141309738159179688e-03 -1.049217581748962402e-01 0.000000000000000000e+00 -1.050428152084350586e-01 -1.141309738159179688e-03 0.000000000000000000e+00 0.000000000000000000e+00 0.000000000000000000e+00 7.294416427612304688e-04
-1.148581504821777344e-03 -9.491291642189025879e-02 0.000000000000000000e+00 -9.502314031124114990e-02 -1.148581504821777344e-03 0.000000000000000000e+00 0.000000000000000000e+00 0.000000000000000000e+00 3.825426101684570312e-04
-1.155614852905273438e-03 -8.490926027297973633e-02 0.000000000000000000e+00 -8.500847220420837402e-02 -1.155495643615722656e-03 0.000000000000000000e+00 0.000000000000000000e+00 0.000000000000000000e+00 6.997585296630859375e-05
-1.162409782409667969e-03 -7.490984350442886353e-02 0.000000000000000000e+00 -7.499791681766510010e-02 -1.162528991699218750e-03 0.000000000000000000e+00 0.000000000000000000e+00 0.000000000000000000e+00 -2.083778381347656250e-04
-1.167774200439453125e-03 -6.491421908140182495e-02 0.000000000000000000e+00 -6.499089300632476807e-02 -1.167774200439453125e-03 0.000000000000000000e+00 0.000000000000000000e+00 0.000000000000000000e+00 -4.513263702392578125e-04
-1.173496246337890625e-03 -5.492186918854713440e-02 0.000000000000000000e+00 -5.498706549406051636e-02 -1.173377037048339844e-03 0.000000000000000000e+00 0.000000000000000000e+00 0.000000000000000000e+00 -6.605386734008789062e-04
-1.177549362182617188e-03 -4.493219405412673950e-02 0.000000000000000000e+00 -4.498571902513504028e-02 -1.177549362182617188e-03 0.000000000000000000e+00 0.000000000000000000e+00 0.000000000000000000e+00 -8.342266082763671875e-04
-1.181483268737792969e-03 -3.494489565491676331e-02 0.000000000000000000e+00 -3.498667106032371521e-02 -1.181602478027343750e-03 0.000000000000000000e+00 0.000000000000000000e+00 0.000000000000000000e+00 -9.739398956298828125e-04
-1.184225082397460938e-03 -2.495937608182430267e-02 0.000000000000000000e+00 -2.498928084969520569e-02 -1.184225082397460938e-03 0.000000000000000000e+00 0.000000000000000000e+00 0.000000000000000000e+00 -1.078248023986816406e-03
-1.185536384582519531e-03 -1.497511565685272217e-02 0.000000000000000000e+00 -1.499307714402675629e-02 -1.185536384582519531e-03 0.000000000000000000e+00 0.000000000000000000e+00 0.000000000000000000e+00 -1.147389411926269531e-03
-1.187801361083984375e-03 -4.991631954908370972e-03 0.000000000000000000e+00 -4.997630137950181961e-03 -1.187682151794433594e-03 0.000000000000000000e+00 0.000000000000000000e+00 0.000000000000000000e+00 -1.183509826660156250e-03
-1.187801361083984375e-03 4.991631954908370972e-03 0.000000000000000000e+00 4.997630137950181961e-03 -1.187682151794433594e-03 0.000000000000000000e+00 0.000000000000000000e+00 0.000000000000000000e+00 -1.183509826660156250e-03
-1.185536384582519531e-03 1.497511565685272217e-02 0.000000000000000000e+00 1.499307714402675629e-02 -1.185536384582519531e-03 0.000000000000000000e+00 0.000000000000000000e+00 0.000000000000000000e+00 -1.147389411926269531e-03
-1.184225082397460938e-03 2.495937608182430267e-02 0.000000000000000000e+00 2.498928084969520569e-02 -1.184225082397460938e-03 0.000000000000000000e+00 0.000000000000000000e+00 0.000000000000000000e+00 -1.078248023986816406e-03
-1.181483268737792969e-03 3.494489565491676331e-02 0.000000000000000000e+00 3.498667106032371521e-02 -1.181602478027343750e-03 0.000000000000000000e+00 0.000000000000000000e+00 0.000000000000000000e+00 -9.739398956298828125e-04
-1.177549362182617188e-03 4.493219405412673950e-02 0.000000000000000000e+00 4.498571902513504028e-02 -1.177549362182617188e-03 0.000000000000000000e+00 0.000000000000000000e+00 0.000000000000000000e+00 -8.342266082763671875e-04
-1.173496246337890625e-03 5.492186918854713440e-02 0.000000000000000000e+00 5.498706549406051636e-02 -1.173377037048339844e-03 0.000000000000000000e+00 0.000000000000000000e+00 0.000000000000000000e+00 -6.605386734008789062e-04
-1.167774200439453125e-03 6.491421908140182495e-02 0.000000000000000000e+00 6.499089300632476807e-02 -1.167774200439453125e-03 0.000000000000000000e+00 0.000000000000000000e+00 0.000000000000000000e+00 -4.513263702392578125e-04
-1.162409782409667969e-03 7.490984350442886353e-02 0.000000000000000000e+00 7.499791681766510010e-02 -1.162528991699218750e-03 0.000000000000000000e+00 0.000000000000000000e+00 0.000000000000000000e+00 -2.083778381347656250e-04
-1.155614852905273438e-03 8.490926027297973633e-02 0.000000000000000000e+00 8.500847220420837402e-02 -1.155495643615722656e-03 0.000000000000000000e+00 0.000000000000000000e+00 0.000000000000000000e+00 6.997585296630859375e-05
-1.148581504821777344e-03 9.491291642189025879e-02 0.000000000000000000e+00 9.502314031124114990e-02 -1.148581504821777344e-03 0.000000000000000000e+00 0.000000000000000000e+00 0.000000000000000000e+00 3.825426101684570312e-04
-1.141309738159179688e-03 1.049217581748962402e-01 0.000000000000000000e+00 1.050428152084350586e-01 -1.141309738159179688e-03 0.000000000000000000e+00 0.000000000000000000e+00 0.000000000000000000e+00 7.294416427612304688e-04
-1.132726669311523438e-03 1.149353981018066406e-01 0.000000000000000000e+00 1.150669753551483154e-01 -1.132726669311523438e-03 0.000000000000000000e+00 0.000000000000000000e+00 0.000000000000000000e+00 1.111865043640136719e-03
-1.124978065490722656e-03 1.249547973275184631e-01 0.000000000000000000e+00 1.250968575477600098e-01 -1.124978065490722656e-03 0.000000000000000000e+00 0.000000000000000000e+00 0.000000000000000000e+00 1.527428627014160156e-03
-1.116514205932617188e-03 1.349803805351257324e-01 0.000000000000000000e+00 1.351326256990432739e-01 -1.116514205932617188e-03 0.000000000000000000e+00 0.000000000000000000e+00 0.000000000000000000e+00 1.977920532226562500e-03
-1.107931137084960938e-03 1.450126171112060547e-01 0.000000000000000000e+00 1.451748907566070557e-01 -1.107931137084960938e-03 0.000000000000000000e+00 0.000000000000000000e+00 0.000000000000000000e+00 2.462863922119140625e-03
-1.099705696105957031e-03 1.550520211458206177e-01 0.000000000000000000e+00 1.552242189645767212e-01 -1.099824905395507812e-03 0.000000000000000000e+00 0.000000000000000000e+00 0.000000000000000000e+00 2.981662750244140625e-03
-1.091003417968750000e-03 1.650990247726440430e-01 0.000000000000000000e+00 1.652808636426925659e-01 -1.091003417968750000e-03 0.000000000000000000e+00 0.000000000000000000e+00 0.000000000000000000e+00 3.535270690917968750e-03
-1.082420349121093750e-03 1.751540154218673706e-01 0.000000000000000000e+00 1.753453612327575684e-01 -1.082539558410644531e-03 0.000000000000000000e+00 0.000000000000000000e+00 0.000000000000000000e+00 4.122972488403320312e-03
-1.073837280273437500e-03 1.852174848318099976e-01 0.000000000000000000e+00 1.854181289672851562e-01 -1.073718070983886719e-03 0.000000000000000000e+00 0.000000000000000000e+00 0.000000000000000000e+00 4.745483398437500000e-03
-1.068115234375000000e-03 1.952899098396301270e-01 0.000000000000000000e+00 1.955002844333648682e-01 -1.067996025085449219e-03 0.000000000000000000e+00 0.000000000000000000e+00 0.000000000000000000e+00 5.399465560913085938e-03
-1.060843467712402344e-03 2.053716629743576050e-01 0.000000000000000000e+00 2.055913507938385010e-01 -1.060962677001953125e-03 0.000000000000000000e+00 0.000000000000000000e+00 0.000000000000000000e+00 6.089448928833007812e-03
-1.055598258972167969e-03 2.154632210731506348e-01 0.000000000000000000e+00 2.156924903392791748e-01 -1.055717468261718750e-03 0.000000000000000000e+00 0.000000000000000000e+00 0.000000000000000000e+00 6.812095642089843750e-03
-1.052021980285644531e-03 2.255649566650390625e-01 0.000000000000000000e+00 2.258040010929107666e-01 -1.051902770996093750e-03 0.000000000000000000e+00 0.000000000000000000e+00 0.000000000000000000e+00 7.567882537841796875e-03
-1.048564910888671875e-03 2.356772124767303467e-01 0.000000000000000000e+00 2.359261214733123779e-01 -1.048684120178222656e-03 0.000000000000000000e+00 0.000000000000000000e+00 0.000000000000000000e+00 8.358120918273925781e-03
-1.047134399414062500e-03 2.458005845546722412e-01 0.000000000000000000e+00 2.460597306489944458e-01 -1.047134399414062500e-03 0.000000000000000000e+00 0.000000000000000000e+00 0.000000000000000000e+00 9.181261062622070312e-03
-1.047253608703613281e-03 2.559352517127990723e-01 0.000000000000000000e+00 2.562049925327301025e-01 -1.047253608703613281e-03 0.000000000000000000e+00 0.000000000000000000e+00 0.000000000000000000e+00 1.003766059875488281e-02
-1.049757003784179688e-03 2.660817503929138184e-01 0.000000000000000000e+00 2.663627266883850098e-01 -1.049757003784179688e-03 0.000000000000000000e+00 0.000000000000000000e+00 0.000000000000000000e+00 1.092672348022460938e-02
-1.051902770996093750e-03 2.762403190135955811e-01 0.000000000000000000e+00 2.765325307846069336e-01 -1.051902770996093750e-03 0.000000000000000000e+00 0.000000000000000000e+00 0.000000000000000000e+00 1.185119152069091797e-02
-1.059412956237792969e-03 2.864114046096801758e-01 0.000000000000000000e+00 2.867164015769958496e-01 -1.059532165527343750e-03 0.000000000000000000e+00 0.000000000000000000e+00 0.000000000000000000e+00 1.280522346496582031e-02
-1.068472862243652344e-03 2.965953946113586426e-01 0.000000000000000000e+00 2.969137132167816162e-01 -1.068353652954101562e-03 0.000000000000000000e+00 0.000000000000000000e+00 0.000000000000000000e+00 1.379323005676269531e-02
-1.079559326171875000e-03 3.067925274372100830e-01 0.000000000000000000e+00 3.071251511573791504e-01 -1.079678535461425781e-03 0.000000000000000000e+00 0.000000000000000000e+00 0.000000000000000000e+00 1.481413841247558594e-02
-1.093149185180664062e-03 3.170031309127807617e-01 0.000000000000000000e+00 3.173509836196899414e-01 -1.093149185180664062e-03 0.000000000000000000e+00 0.000000000000000000e+00 0.000000000000000000e+00 1.586818695068359375e-02
-1.111626625061035156e-03 3.272276520729064941e-01 0.000000000000000000e+00 3.275926113128662109e-01 -1.111745834350585938e-03 0.000000000000000000e+00 0.000000000000000000e+00 0.000000000000000000e+00 1.695263385772705078e-02
-1.131772994995117188e-03 3.374663591384887695e-01 0.000000000000000000e+00 3.378493189811706543e-01 -1.131772994995117188e-03 0.000000000000000000e+00 0.000000000000000000e+00 0.000000000000000000e+00 1.807093620300292969e-02
-1.156091690063476562e-03 3.477195501327514648e-01 0.000000000000000000e+00 3.481224775314331055e-01 -1.156091690063476562e-03 0.000000000000000000e+00 0.000000000000000000e+00 0.000000000000000000e+00 1.922059059143066406e-02
-1.185536384582519531e-03 3.579874634742736816e-01 0.000000000000000000e+00 3.584125936031341553e-01 -1.185536384582519531e-03 0.000000000000000000e+00 0.000000000000000000e+00 0.000000000000000000e+00 2.040076255798339844e-02
-1.217365264892578125e-03 3.682705163955688477e-01 0.000000000000000000e+00 3.687193095684051514e-01 -1.217365264892578125e-03 0.000000000000000000e+00 0.000000000000000000e+00 0.000000000000000000e+00 2.161443233489990234e-02
-1.253724098205566406e-03 3.785687685012817383e-01 0.000000000000000000e+00 3.790436685085296631e-01 -1.253724098205566406e-03 0.000000000000000000e+00 0.000000000000000000e+00 0.000000000000000000e+00 2.285921573638916016e-02
-1.296281814575195312e-03 3.888828158378601074e-01 0.000000000000000000e+00 3.893869519233703613e-01 -1.296281814575195312e-03 0.000000000000000000e+00 0.000000000000000000e+00 0.000000000000000000e+00 2.413380146026611328e-02
-1.341581344604492188e-03 3.992126882076263428e-01 0.000000000000000000e+00 3.997479677200317383e-01 -1.341581344604492188e-03 0.000000000000000000e+00 0.000000000000000000e+00 0.000000000000000000e+00 2.544152736663818359e-02
-1.393079757690429688e-03 4.095586538314819336e-01 0.000000000000000000e+00 4.101285338401794434e-01 -1.393079757690429688e-03 0.000000000000000000e+00 0.000000000000000000e+00 0.000000000000000000e+00 2.677905559539794922e-02
-1.450061798095703125e-03 4.199209511280059814e-01 0.000000000000000000e+00 4.205288290977478027e-01 -1.450181007385253906e-03 0.000000000000000000e+00 0.000000000000000000e+00 0.000000000000000000e+00 2.814733982086181641e-02
-1.511573791503906250e-03 4.302998781204223633e-01 0.000000000000000000e+00 4.309487342834472656e-01 -1.511454582214355469e-03 0.000000000000000000e+00 0.000000000000000000e+00 0.000000000000000000e+00 2.954733371734619141e-02
-1.578807830810546875e-03 4.406956434249877930e-01 0.000000000000000000e+00 4.413893222808837891e-01 -1.578807830810546875e-03 0.000000000000000000e+00 0.000000000000000000e+00 0.000000000000000000e+00 3.097784519195556641e-02
-1.651883125305175781e-03 4.511084556579589844e-01 0.000000000000000000e+00 4.518508911132812500e-01 -1.651763916015625000e-03 0.000000000000000000e+00 0.000000000000000000e+00 0.000000000000000000e+00 3.243875503540039062e-02
-1.732707023620605469e-03 4.615384936332702637e-01 0.000000000000000000e+00 4.623348414897918701e-01 -1.732587814331054688e-03 0.000000000000000000e+00 0.000000000000000000e+00 0.000000000000000000e+00 3.392851352691650391e-02
-1.819014549255371094e-03 4.719860851764678955e-01 0.000000000000000000e+00 4.728406071662902832e-01 -1.819133758544921875e-03 0.000000000000000000e+00 0.000000000000000000e+00 0.000000000000000000e+00 3.544890880584716797e-02
-1.913189888000488281e-03 4.824512302875518799e-01 0.000000000000000000e+00 4.833692312240600586e-01 -1.913309097290039062e-03 0.000000000000000000e+00 0.000000000000000000e+00 0.000000000000000000e+00 3.699827194213867188e-02
-2.011775970458984375e-03 4.929342269897460938e-01 0.000000000000000000e+00 4.939197897911071777e-01 -2.011775970458984375e-03 0.000000000000000000e+00 0.000000000000000000e+00 0.000000000000000000e+00 3.857982158660888672e-02
-2.120852470397949219e-03 5.034351944923400879e-01 0.000000000000000000e+00 5.044957399368286133e-01 -2.120971679687500000e-03 0.000000000000000000e+00 0.000000000000000000e+00 0.000000000000000000e+00 4.018759727478027344e-02
