-1.738287210464477539e+00 0.000000000000000000e+00 0.000000000000000000e+00 0.000000000000000000e+00 1.243826840072870255e-02 0.000000000000000000e+00 0.000000000000000000e+00 0.000000000000000000e+00 1.243826840072870255e-02
-1.677360415458679199e+00 0.000000000000000000e+00 0.000000000000000000e+00 0.000000000000000000e+00 1.162285264581441879e-02 0.000000000000000000e+00 0.000000000000000000e+00 0.000000000000000000e+00 1.162285264581441879e-02
-1.618731260299682617e+00 0.000000000000000000e+00 0.000000000000000000e+00 0.000000000000000000e+00 1.082268543541431427e-02 0.000000000000000000e+00 0.000000000000000000e+00 0.000000000000000000e+00 1.082268543541431427e-02
-1.562237262725830078e+00 0.000000000000000000e+00 0.000000000000000000e+00 0.000000000000000000e+00 1.001262478530406952e-02 0.000000000000000000e+00 0.000000000000000000e+00 0.000000000000000000e+00 1.001262478530406952e-02
-1.507727026939392090e+00 0.000000000000000000e+00 0.000000000000000000e+00 0.000000000000000000e+00 9.246735833585262299e-03 0.000000000000000000e+00 0.000000000000000000e+00 0.000000000000000000e+00 9.246735833585262299e-03
-1.455069422721862793e+00 0.000000000000000000e+00 0.000000000000000000e+00 0.000000000000000000e+00 8.473209105432033539e-03 0.000000000000000000e+00 0.000000000000000000e+00 0.000000000000000000e+00 8.473209105432033539e-03
-1.404138922691345215e+00 0.000000000000000000e+00 0.000000000000000000e+00 0.000000000000000000e+00 7.692561019212007523e-03 0.000000000000000000e+00 0.000000000000000000e+00 0.000000000000000000e+00 7.692561019212007523e-03
-1.354814887046813965e+00 0.000000000000000000e+00 0.000000000000000000e+00 0.000000000000000000e+00 6.961878854781389236e-03 0.000000000000000000e+00 0.000000000000000000e+00 0.000000000000000000e+00 6.961878854781389236e-03
-1.306997895240783691e+00 0.000000000000000000e+00 0.000000000000000000e+00 0.000000000000000000e+00 6.229117512702941895e-03 0.000000000000000000e+00 0.000000000000000000e+00 0.000000000000000000e+00 6.229117512702941895e-03
-1.260587811470031738e+00 0.000000000000000000e+00 0.000000000000000000e+00 0.000000000000000000e+00 5.523084197193384171e-03 0.000000000000000000e+00 0.000000000000000000e+00 0.000000000000000000e+00 5.523084197193384171e-03
-1.215498089790344238e+00 0.000000000000000000e+00 0.000000000000000000e+00 0.000000000000000000e+00 4.844233859330415726e-03 0.000000000000000000e+00 0.000000000000000000e+00 0.000000000000000000e+00 4.844233859330415726e-03
-1.171645760536193848e+00 0.000000000000000000e+00 0.000000000000000000e+00 0.000000000000000000e+00 4.171014763414859772e-03 0.000000000000000000e+00 0.000000000000000000e+00 0.000000000000000000e+00 4.171014763414859772e-03
-1.128958582878112793e+00 0.000000000000000000e+00 0.000000000000000000e+00 0.000000000000000000e+00 3.527836641296744347e-03 0.000000000000000000e+00 0.000000000000000000e+00 0.000000000000000000e+00 3.527836641296744347e-03
-1.087364077568054199e+00 0.000000000000000000e+00 0.000000000000000000e+00 0.000000000000000000e+00 2.918289508670568466e-03 0.000000000000000000e+00 0.000000000000000000e+00 0.000000000000000000e+00 2.918289508670568466e-03
-1.046799778938293457e+00 0.000000000000000000e+00 0.000000000000000000e+00 0.000000000000000000e+00 2.343201544135808945e-03 0.000000000000000000e+00 0.000000000000000000e+00 0.000000000000000000e+00 2.343201544135808945e-03
-1.007212042808532715e+00 0.000000000000000000e+00 0.000000000000000000e+00 0.000000000000000000e+00 1.776765682734549046e-03 0.000000000000000000e+00 0.000000000000000000e+00 0.000000000000000000e+00 1.776765682734549046e-03
-9.685387015342712402e-01 0.000000000000000000e+00 0.000000000000000000e+00 0.000000000000000000e+00 1.272884546779096127e-03 0.000000000000000000e+00 0.000000000000000000e+00 0.000000000000000000e+00 1.272884546779096127e-03
-9.307390451431274414e-01 0.000000000000000000e+00 0.000000000000000000e+00 0.000000000000000000e+00 7.794614066369831562e-04 0.000000000000000000e+00 0.000000000000000000e+00 0.000000000000000000e+00 7.794614066369831562e-04
-8.937636613845825195e-01 0.000000000000000000e+00 0.000000000000000000e+00 0.000000000000000000e+00 3.229146823287010193e-04 0.000000000000000000e+00 0.000000000000000000e+00 0.000000000000000000e+00 3.229146823287010193e-04
-8.575741648674011230e-01 0.000000000000000000e+00 0.000000000000000000e+00 0.000000000000000000e+00 -1.228546898346394300e-04 0.000000000000000000e+00 0.000000000000000000e+00 0.000000000000000000e+00 -1.228546898346394300e-04
-8.221247196197509766e-01 0.000000000000000000e+00 0.000000000000000000e+00 0.000000000000000000e+00 -5.050932522863149643e-04 0.000000000000000000e+00 0.000000000000000000e+00 0.000000000000000000e+00 -5.050932522863149643e-04
-7.873852849006652832e-01 0.000000000000000000e+00 0.000000000000000000e+00 0.000000000000000000e+00 -8.756935130804777145e-04 0.000000000000000000e+00 0.000000000000000000e+00 0.000000000000000000e+00 -8.756935130804777145e-04
-7.533221244812011719e-01 0.000000000000000000e+00 0.000000000000000000e+00 0.000000000000000000e+00 -1.211154041811823845e-03 0.000000000000000000e+00 0.000000000000000000e+00 0.000000000000000000e+00 -1.211154041811823845e-03
-7.199023365974426270e-01 0.000000000000000000e+00 0.000000000000000000e+00 0.000000000000000000e+00 -1.510177040472626686e-03 0.000000000000000000e+00 0.000000000000000000e+00 0.000000000000000000e+00 -1.510177040472626686e-03
-6.870980858802795410e-01 0.000000000000000000e+00 0.000000000000000000e+00 0.000000000000000000e+00 -1.774095697328448296e-03 0.000000000000000000e+00 0.000000000000000000e+00 0.000000000000000000e+00 -1.774095697328448296e-03
-6.548832654953002930e-01 0.000000000000000000e+00 0.000000000000000000e+00 0.000000000000000000e+00 -2.004132140427827835e-03 0.000000000000000000e+00 0.000000000000000000e+00 0.000000000000000000e+00 -2.004132140427827835e-03
-6.232324242591857910e-01 0.000000000000000000e+00 0.000000000000000000e+00 0.000000000000000000e+00 -2.200681017711758614e-03 0.000000000000000000e+00 0.000000000000000000e+00 0.000000000000000000e+00 -2.200681017711758614e-03
-5.921269059181213379e-01 0.000000000000000000e+00 0.000000000000000000e+00 0.000000000000000000e+00 -2.389902016147971153e-03 0.000000000000000000e+00 0.000000000000000000e+00 0.000000000000000000e+00 -2.389902016147971153e-03
-5.615386366844177246e-01 0.000000000000000000e+00 0.000000000000000000e+00 0.000000000000000000e+00 -2.524020383134484291e-03 0.000000000000000000e+00 0.000000000000000000e+00 0.000000000000000000e+00 -2.524020383134484291e-03
-5.314540863037109375e-01 0.000000000000000000e+00 0.000000000000000000e+00 0.000000000000000000e+00 -2.652939641848206520e-03 0.000000000000000000e+00 0.000000000000000000e+00 0.000000000000000000e+00 -2.652939641848206520e-03
-5.018456578254699707e-01 0.000000000000000000e+00 0.000000000000000000e+00 0.000000000000000000e+00 -2.727826125919818878e-03 0.000000000000000000e+00 0.000000000000000000e+00 0.000000000000000000e+00 -2.727826125919818878e-03
-4.727084040641784668e-01 0.000000000000000000e+00 0.000000000000000000e+00 0.000000000000000000e+00 -2.802761504426598549e-03 0.000000000000000000e+00 0.000000000000000000e+00 0.000000000000000000e+00 -2.802761504426598549e-03
-4.440187811851501465e-01 0.000000000000000000e+00 0.000000000000000000e+00 0.000000000000000000e+00 -2.852295525372028351e-03 0.000000000000000000e+00 0.000000000000000000e+00 0.000000000000000000e+00 -2.852295525372028351e-03
-4.157596826553344727e-01 0.000000000000000000e+00 0.000000000000000000e+00 0.000000000000000000e+00 -2.876500133424997330e-03 0.000000000000000000e+00 0.000000000000000000e+00 0.000000000000000000e+00 -2.876500133424997330e-03
-3.879189193248748779e-01 0.000000000000000000e+00 0.000000000000000000e+00 0.000000000000000000e+00 -2.878790022805333138e-03 0.000000000000000000e+00 0.000000000000000000e+00 0.000000000000000000e+00 -2.878790022805333138e-03
-3.604836761951446533e-01 0.000000000000000000e+00 0.000000000000000000e+00 0.000000000000000000e+00 -2.861747285351157188e-03 0.000000000000000000e+00 0.000000000000000000e+00 0.000000000000000000e+00 -2.861747285351157188e-03
-3.334376215934753418e-01 0.000000000000000000e+00 0.000000000000000000e+00 0.000000000000000000e+00 -2.823785413056612015e-03 0.000000000000000000e+00 0.000000000000000000e+00 0.000000000000000000e+00 -2.823785413056612015e-03
-3.067706525325775146e-01 0.000000000000000000e+00 0.000000000000000000e+00 0.000000000000000000e+00 -2.768685575574636459e-03 0.000000000000000000e+00 0.000000000000000000e+00 0.000000000000000000e+00 -2.768685575574636459e-03
-2.804710268974304199e-01 0.000000000000000000e+00 0.000000000000000000e+00 0.000000000000000000e+00 -2.697727177292108536e-03 0.000000000000000000e+00 0.000000000000000000e+00 0.000000000000000000e+00 -2.697727177292108536e-03
-2.545253634452819824e-01 0.000000000000000000e+00 0.000000000000000000e+00 0.000000000000000000e+00 -2.610523952171206474e-03 0.000000000000000000e+00 0.000000000000000000e+00 0.000000000000000000e+00 -2.610523952171206474e-03
-2.289265990257263184e-01 0.000000000000000000e+00 0.000000000000000000e+00 0.000000000000000000e+00 -2.512055914849042892e-03 0.000000000000000000e+00 0.000000000000000000e+00 0.000000000000000000e+00 -2.512055914849042892e-03
-2.036628872156143188e-01 0.000000000000000000e+00 0.000000000000000000e+00 0.000000000000000000e+00 -2.402179175987839699e-03 0.000000000000000000e+00 0.000000000000000000e+00 0.000000000000000000e+00 -2.402179175987839699e-03
-1.787257194519042969e-01 0.000000000000000000e+00 0.000000000000000000e+00 0.000000000000000000e+00 -2.283255336806178093e-03 0.000000000000000000e+00 0.000000000000000000e+00 0.000000000000000000e+00 -2.283255336806178093e-03
-1.540976762771606445e-01 0.000000000000000000e+00 0.000000000000000000e+00 0.000000000000000000e+00 -2.128917723894119263e-03 0.000000000000000000e+00 0.000000000000000000e+00 0.000000000000000000e+00 -2.128917723894119263e-03
-1.297836154699325562e-01 0.000000000000000000e+00 0.000000000000000000e+00 0.000000000000000000e+00 -1.994103658944368362e-03 0.000000000000000000e+00 0.000000000000000000e+00 0.000000000000000000e+00 -1.994103658944368362e-03
-1.057668402791023254e-01 0.000000000000000000e+00 0.000000000000000000e+00 0.000000000000000000e+00 -1.852568588219583035e-03 0.000000000000000000e+00 0.000000000000000000e+00 0.000000000000000000e+00 -1.852568588219583035e-03
-8.204241842031478882e-02 0.000000000000000000e+00 0.000000000000000000e+00 0.000000000000000000e+00 -1.708469004370272160e-03 0.000000000000000000e+00 0.000000000000000000e+00 0.000000000000000000e+00 -1.708469004370272160e-03
-5.859532952308654785e-02 0.000000000000000000e+00 0.000000000000000000e+00 0.000000000000000000e+00 -1.536278752610087395e-03 0.000000000000000000e+00 0.000000000000000000e+00 0.000000000000000000e+00 -1.536278752610087395e-03
-3.543055802583694458e-02 0.000000000000000000e+00 0.000000000000000000e+00 0.000000000000000000e+00 -1.389628741890192032e-03 0.000000000000000000e+00 0.000000000000000000e+00 0.000000000000000000e+00 -1.389628741890192032e-03
-1.252603530883789062e-02 0.000000000000000000e+00 0.000000000000000000e+00 0.000000000000000000e+00 -1.215458149090409279e-03 0.000000000000000000e+00 0.000000000000000000e+00 0.000000000000000000e+00 -1.215458149090409279e-03
1.011252403259277344e-02 0.000000000000000000e+00 0.000000000000000000e+00 0.000000000000000000e+00 -1.055836444720625877e-03 0.000000000000000000e+00 0.000000000000000000e+00 0.000000000000000000e+00 -1.055836444720625877e-03
3.249753266572952271e-02 0.000000000000000000e+00 0.000000000000000000e+00 0.000000000000000000e+00 -8.902492700144648552e-04 0.000000000000000000e+00 0.000000000000000000e+00 0.000000000000000000e+00 -8.902492700144648552e-04
5.463447794318199158e-02 0.000000000000000000e+00 0.000000000000000000e+00 0.000000000000000000e+00 -7.271508802659809589e-04 0.000000000000000000e+00 0.000000000000000000e+00 0.000000000000000000e+00 -7.271508802659809589e-04
7.653266936540603638e-02 0.000000000000000000e+00 0.000000000000000000e+00 0.000000000000000000e+00 -5.629563238471746445e-04 0.000000000000000000e+00 0.000000000000000000e+00 0.000000000000000000e+00 -5.629563238471746445e-04
9.819437563419342041e-02 0.000000000000000000e+00 0.000000000000000000e+00 0.000000000000000000e+00 -4.044528468511998653e-04 0.000000000000000000e+00 0.000000000000000000e+00 0.000000000000000000e+00 -4.044528468511998653e-04
1.196506023406982422e-01 0.000000000000000000e+00 0.000000000000000000e+00 0.000000000000000000e+00 -2.443612611386924982e-04 0.000000000000000000e+00 0.000000000000000000e+00 0.000000000000000000e+00 -2.443612611386924982e-04
1.408615410327911377e-01 0.000000000000000000e+00 0.000000000000000000e+00 0.000000000000000000e+00 -9.459646389586851001e-05 0.000000000000000000e+00 0.000000000000000000e+00 0.000000000000000000e+00 -9.459646389586851001e-05
1.618562638759613037e-01 0.000000000000000000e+00 0.000000000000000000e+00 0.000000000000000000e+00 5.343052180251106620e-05 0.000000000000000000e+00 0.000000000000000000e+00 0.000000000000000000e+00 5.343052180251106620e-05
1.826381385326385498e-01 0.000000000000000000e+00 0.000000000000000000e+00 0.000000000000000000e+00 1.912608713610097766e-04 0.000000000000000000e+00 0.000000000000000000e+00 0.000000000000000000e+00 1.912608713610097766e-04
2.032166868448257446e-01 0.000000000000000000e+00 0.000000000000000000e+00 0.000000000000000000e+00 3.273631737101823092e-04 0.000000000000000000e+00 0.000000000000000000e+00 0.000000000000000000e+00 3.273631737101823092e-04
2.235915511846542358e-01 0.000000000000000000e+00 0.000000000000000000e+00 0.000000000000000000e+00 4.524430842138826847e-04 0.000000000000000000e+00 0.000000000000000000e+00 0.000000000000000000e+00 4.524430842138826847e-04
2.437712103128433228e-01 0.000000000000000000e+00 0.000000000000000000e+00 0.000000000000000000e+00 5.690074176527559757e-04 0.000000000000000000e+00 0.000000000000000000e+00 0.000000000000000000e+00 5.690074176527559757e-04
2.637601792812347412e-01 0.000000000000000000e+00 0.000000000000000000e+00 0.000000000000000000e+00 6.781324627809226513e-04 0.000000000000000000e+00 0.000000000000000000e+00 0.000000000000000000e+00 6.781324627809226513e-04
2.835619449615478516e-01 0.000000000000000000e+00 0.000000000000000000e+00 0.000000000000000000e+00 7.756482227705419064e-04 0.000000000000000000e+00 0.000000000000000000e+00 0.000000000000000000e+00 7.756482227705419064e-04
3.031832575798034668e-01 0.000000000000000000e+00 0.000000000000000000e+00 0.000000000000000000e+00 8.644183399155735970e-04 0.000000000000000000e+00 0.000000000000000000e+00 0.000000000000000000e+00 8.644183399155735970e-04
3.226471841335296631e-01 0.000000000000000000e+00 0.000000000000000000e+00 0.000000000000000000e+00 9.464723407290875912e-04 0.000000000000000000e+00 0.000000000000000000e+00 0.000000000000000000e+00 9.464723407290875912e-04
3.419177234172821045e-01 0.000000000000000000e+00 0.000000000000000000e+00 0.000000000000000000e+00 1.011080341413617134e-03 0.000000000000000000e+00 0.000000000000000000e+00 0.000000000000000000e+00 1.011080341413617134e-03
3.610194027423858643e-01 0.000000000000000000e+00 0.000000000000000000e+00 0.000000000000000000e+00 1.065278891474008560e-03 0.000000000000000000e+00 0.000000000000000000e+00 0.000000000000000000e+00 1.065278891474008560e-03
3.799572587013244629e-01 0.000000000000000000e+00 0.000000000000000000e+00 0.000000000000000000e+00 1.104895723983645439e-03 0.000000000000000000e+00 0.000000000000000000e+00 0.000000000000000000e+00 1.104895723983645439e-03
3.987344503402709961e-01 0.000000000000000000e+00 0.000000000000000000e+00 0.000000000000000000e+00 1.132912351749837399e-03 0.000000000000000000e+00 0.000000000000000000e+00 0.000000000000000000e+00 1.132912351749837399e-03
4.173550307750701904e-01 0.000000000000000000e+00 0.000000000000000000e+00 0.000000000000000000e+00 1.146229333244264126e-03 0.000000000000000000e+00 0.000000000000000000e+00 0.000000000000000000e+00 1.146229333244264126e-03
4.358219802379608154e-01 0.000000000000000000e+00 0.000000000000000000e+00 0.000000000000000000e+00 1.145562739111483097e-03 0.000000000000000000e+00 0.000000000000000000e+00 0.000000000000000000e+00 1.145562739111483097e-03
4.541411995887756348e-01 0.000000000000000000e+00 0.000000000000000000e+00 0.000000000000000000e+00 1.130435150116682053e-03 0.000000000000000000e+00 0.000000000000000000e+00 0.000000000000000000e+00 1.130435150116682053e-03
4.723128378391265869e-01 0.000000000000000000e+00 0.000000000000000000e+00 0.000000000000000000e+00 1.096792868338525295e-03 0.000000000000000000e+00 0.000000000000000000e+00 0.000000000000000000e+00 1.096792868338525295e-03
4.903452098369598389e-01 0.000000000000000000e+00 0.000000000000000000e+00 0.000000000000000000e+00 1.053100568242371082e-03 0.000000000000000000e+00 0.000000000000000000e+00 0.000000000000000000e+00 1.053100568242371082e-03
5.082543492317199707e-01 0.000000000000000000e+00 0.000000000000000000e+00 0.000000000000000000e+00 9.914912516251206398e-04 0.000000000000000000e+00 0.000000000000000000e+00 0.000000000000000000e+00 9.914912516251206398e-04
5.260103940963745117e-01 0.000000000000000000e+00 0.000000000000000000e+00 0.000000000000000000e+00 9.113635169342160225e-04 0.000000000000000000e+00 0.000000000000000000e+00 0.000000000000000000e+00 9.113635169342160225e-04
5.436339378356933594e-01 0.000000000000000000e+00 0.000000000000000000e+00 0.000000000000000000e+00 8.135535172186791897e-04 0.000000000000000000e+00 0.000000000000000000e+00 0.000000000000000000e+00 8.135535172186791897e-04
5.611289143562316895e-01 0.000000000000000000e+00 0.000000000000000000e+00 0.000000000000000000e+00 6.988942623138427734e-04 0.000000000000000000e+00 0.000000000000000000e+00 0.000000000000000000e+00 6.988942623138427734e-04
5.784956216812133789e-01 0.000000000000000000e+00 0.000000000000000000e+00 0.000000000000000000e+00 5.650014500133693218e-04 0.000000000000000000e+00 0.000000000000000000e+00 0.000000000000000000e+00 5.650014500133693218e-04
5.957392454147338867e-01 0.000000000000000000e+00 0.000000000000000000e+00 0.000000000000000000e+00 4.111565067432820797e-04 0.000000000000000000e+00 0.000000000000000000e+00 0.000000000000000000e+00 4.111565067432820797e-04
6.128629446029663086e-01 0.000000000000000000e+00 0.000000000000000000e+00 0.000000000000000000e+00 2.415330527583137155e-04 0.000000000000000000e+00 0.000000000000000000e+00 0.000000000000000000e+00 2.415330527583137155e-04
6.298669576644897461e-01 0.000000000000000000e+00 0.000000000000000000e+00 0.000000000000000000e+00 4.754380643134936690e-05 0.000000000000000000e+00 0.000000000000000000e+00 0.000000000000000000e+00 4.754380643134936690e-05
6.467578411102294922e-01 0.000000000000000000e+00 0.000000000000000000e+00 0.000000000000000000e+00 -1.603198907105252147e-04 0.000000000000000000e+00 0.000000000000000000e+00 0.000000000000000000e+00 -1.603198907105252147e-04
6.635349392890930176e-01 0.000000000000000000e+00 0.000000000000000000e+00 0.000000000000000000e+00 -3.914790577255189419e-04 0.000000000000000000e+00 0.000000000000000000e+00 0.000000000000000000e+00 -3.914790577255189419e-04
6.802188158035278320e-01 0.000000000000000000e+00 0.000000000000000000e+00 0.000000000000000000e+00 -6.392549257725477219e-04 0.000000000000000000e+00 0.000000000000000000e+00 0.000000000000000000e+00 -6.392549257725477219e-04
6.967777609825134277e-01 0.000000000000000000e+00 0.000000000000000000e+00 0.000000000000000000e+00 -9.114057756960391998e-04 0.000000000000000000e+00 0.000000000000000000e+00 0.000000000000000000e+00 -9.114057756960391998e-04
7.132304906845092773e-01 0.000000000000000000e+00 0.000000000000000000e+00 0.000000000000000000e+00 -1.205306965857744217e-03 0.000000000000000000e+00 0.000000000000000000e+00 0.000000000000000000e+00 -1.205306965857744217e-03
7.295804619789123535e-01 0.000000000000000000e+00 0.000000000000000000e+00 0.000000000000000000e+00 -1.518456614576280117e-03 0.000000000000000000e+00 0.000000000000000000e+00 0.000000000000000000e+00 -1.518456614576280117e-03
7.458286881446838379e-01 0.000000000000000000e+00 0.000000000000000000e+00 0.000000000000000000e+00 -1.857533818110823631e-03 0.000000000000000000e+00 0.000000000000000000e+00 0.000000000000000000e+00 -1.857533818110823631e-03
7.619766592979431152e-01 0.000000000000000000e+00 0.000000000000000000e+00 0.000000000000000000e+00 -2.218724694103002548e-03 0.000000000000000000e+00 0.000000000000000000e+00 0.000000000000000000e+00 -2.218724694103002548e-03
7.780300378799438477e-01 0.000000000000000000e+00 0.000000000000000000e+00 0.000000000000000000e+00 -2.599288476631045341e-03 0.000000000000000000e+00 0.000000000000000000e+00 0.000000000000000000e+00 -2.599288476631045341e-03
7.939863204956054688e-01 0.000000000000000000e+00 0.000000000000000000e+00 0.000000000000000000e+00 -3.006381681188941002e-03 0.000000000000000000e+00 0.000000000000000000e+00 0.000000000000000000e+00 -3.006381681188941002e-03
8.098494410514831543e-01 0.000000000000000000e+00 0.000000000000000000e+00 0.000000000000000000e+00 -3.438218729570508003e-03 0.000000000000000000e+00 0.000000000000000000e+00 0.000000000000000000e+00 -3.438218729570508003e-03
8.256224989891052246e-01 0.000000000000000000e+00 0.000000000000000000e+00 0.000000000000000000e+00 -3.891102969646453857e-03 0.000000000000000000e+00 0.000000000000000000e+00 0.000000000000000000e+00 -3.891102969646453857e-03
8.413225412368774414e-01 0.000000000000000000e+00 0.000000000000000000e+00 0.000000000000000000e+00 -4.366226494312286377e-03 0.000000000000000000e+00 0.000000000000000000e+00 0.000000000000000000e+00 -4.366226494312286377e-03
8.569178581237792969e-01 0.000000000000000000e+00 0.000000000000000000e+00 0.000000000000000000e+00 -4.870395641773939133e-03 0.000000000000000000e+00 0.000000000000000000e+00 0.000000000000000000e+00 -4.870395641773939133e-03
8.724283576011657715e-01 0.000000000000000000e+00 0.000000000000000000e+00 0.000000000000000000e+00 -5.397049710154533386e-03 0.000000000000000000e+00 0.000000000000000000e+00 0.000000000000000000e+00 -5.397049710154533386e-03
8.878520131111145020e-01 0.000000000000000000e+00 0.000000000000000000e+00 0.000000000000000000e+00 -5.954896099865436554e-03 0.000000000000000000e+00 0.000000000000000000e+00 0.000000000000000000e+00 -5.954896099865436554e-03
9.031951427459716797e-01 0.000000000000000000e+00 0.000000000000000000e+00 0.000000000000000000e+00 -6.534636020660400391e-03 0.000000000000000000e+00 0.000000000000000000e+00 0.000000000000000000e+00 -6.534636020660400391e-03
