6.578722968697547913e-04 7.705986965447664261e-03 4.016124876216053963e-04 2.076959133148193359e+00
5.503913271240890026e-04 7.676736568100750446e-04 3.843329614028334618e-04 2.011528968811035156e+00
6.414443487301468849e-04 4.687480162829160690e-03 3.931086394004523754e-04 2.037803888320922852e+00
5.367184057831764221e-04 7.254849188029766083e-04 3.773889038711786270e-04 1.992929816246032715e+00
6.827889592386782169e-04 9.677430614829063416e-03 4.060699429828673601e-04 2.096887588500976562e+00
6.826664903201162815e-04 1.350502204149961472e-02 4.170308529864996672e-04 2.165092468261718750e+00
5.444309790618717670e-04 7.594976341351866722e-04 3.832501824945211411e-04 2.009135961532592773e+00
5.509873153641819954e-04 7.701216964051127434e-04 3.847563057206571102e-04 2.012684583663940430e+00
6.794141954742372036e-04 1.295441482216119766e-02 4.159010131843388081e-04 2.156426191329956055e+00
6.503686890937387943e-04 6.824081763625144958e-03 3.992817364633083344e-04 2.066667795181274414e+00
5.311261047609150410e-04 7.287621265277266502e-04 3.785382432397454977e-04 1.996795773506164551e+00
5.631860112771391869e-04 2.165450714528560638e-03 3.930436214432120323e-04 2.040883541107177734e+00
5.104754236526787281e-04 4.563820548355579376e-03 4.068821435794234276e-04 2.115463972091674805e+00
5.952036008238792419e-04 1.156034762971103191e-03 3.861734876409173012e-04 2.007469654083251953e+00
5.701679619960486889e-04 2.427278552204370499e-03 3.936683351639658213e-04 2.041544914245605469e+00
5.404070252552628517e-04 7.361990283243358135e-04 3.791797789745032787e-04 1.997509241104125977e+00
6.838945555500686169e-04 1.456277444958686829e-02 4.190892213955521584e-04 2.183732032775878906e+00
5.898842355236411095e-04 1.127825235016644001e-03 3.865511389449238777e-04 2.009761095046997070e+00
5.587745690718293190e-04 7.466495153494179249e-04 3.801787679549306631e-04 1.996608972549438477e+00
9.283944368362426758e-01 1.375071406364440918e+00 1.745520353317260742e+00 2.034008026123046875e+00
7.024967344477772713e-04 1.470185443758964539e-02 4.240036068949848413e-04 2.202319622039794922e+00
2.451721727848052979e-01 1.660153066040948033e-04 3.225317895412445068e-01 2.252851009368896484e+00
5.558750126510858536e-04 7.804979104548692703e-04 3.865533508360385895e-04 2.016840457916259766e+00
4.256891459226608276e-02 1.383151276968419552e-03 4.626834997907280922e-04 2.291399717330932617e+00
6.899752188473939896e-04 1.318321097642183304e-02 4.158881492912769318e-04 2.156660318374633789e+00
5.666202632710337639e-04 7.547256536781787872e-04 3.811608185060322285e-04 1.998170614242553711e+00
7.291406393051147461e-02 8.111457573249936104e-04 5.445999559015035629e-04 2.237733125686645508e+00
4.860674440860748291e-01 6.577844172716140747e-02 2.454296946525573730e-01 9.457568824291229248e-02
5.529414117336273193e-02 9.774939389899373055e-04 4.637600795831531286e-04 2.268349409103393555e+00
4.510999424383044243e-04 4.383083898574113846e-03 4.123625403735786676e-04 2.157073020935058594e+00
5.650967359542846680e-04 7.545319385826587677e-04 3.812489449046552181e-04 1.998659133911132812e+00
6.649838760495185852e-04 7.737447507679462433e-03 4.012323042843490839e-04 2.073764562606811523e+00
5.571437650360167027e-04 7.453323341906070709e-04 3.799187252297997475e-04 1.996439218521118164e+00
6.671668379567563534e-04 1.056101452559232712e-02 4.103816463612020016e-04 2.120474338531494141e+00
6.439588614739477634e-04 5.306364968419075012e-03 3.948577796109020710e-04 2.046144247055053711e+00
6.468057399615645409e-04 5.883352831006050110e-03 3.962158225476741791e-04 2.053409576416015625e+00
3.096221573650836945e-02 5.343654192984104156e-03 4.554425540845841169e-04 2.309670209884643555e+00
6.591671844944357872e-04 8.962466381490230560e-03 4.064727108925580978e-04 2.098070859909057617e+00
6.746245780959725380e-04 1.403805147856473923e-02 4.189189348835498095e-04 2.179413080215454102e+00
5.569516215473413467e-04 6.236942484974861145e-03 4.102675011381506920e-04 2.118828058242797852e+00
5.491263000294566154e-04 7.511065923608839512e-04 3.812902141362428665e-04 2.002677679061889648e+00
5.701694171875715256e-04 2.640215214341878891e-03 3.945329808630049229e-04 2.045173883438110352e+00
6.852696533314883709e-04 1.086637936532497406e-02 4.098049539607018232e-04 2.116643190383911133e+00
6.803223513998091221e-04 1.089799776673316956e-02 4.103071405552327633e-04 2.119398593902587891e+00
6.900964071974158287e-04 1.423545833677053452e-02 4.181754193268716335e-04 2.175710916519165039e+00
2.013440847396850586e+00 1.340023726224899292e-01 7.925678491592407227e-01 4.977379798889160156e+00
6.065134657546877861e-04 2.922186860814690590e-03 3.917578142136335373e-04 2.029590845108032227e+00
-0.000000000000000000e+00 3.484948873519897461e-01 8.525827433913946152e-04 8.675527572631835938e+00
6.696019554510712624e-04 7.875256240367889404e-03 4.014117876067757607e-04 2.073721408843994141e+00
6.351670017465949059e-04 4.489072598516941071e-03 3.933820698875933886e-04 2.038239955902099609e+00
6.552183767780661583e-04 7.125228177756071091e-03 3.997714957222342491e-04 2.068870782852172852e+00
6.912660319358110428e-04 1.176803279668092728e-02 4.121533420402556658e-04 2.130724430084228516e+00
6.545381038449704647e-04 8.339464664459228516e-03 4.044118977617472410e-04 2.089684963226318359e+00
6.605682428926229477e-04 7.040957920253276825e-03 3.987762611359357834e-04 2.064394950866699219e+00
6.165776867419481277e-04 2.789566759020090103e-03 3.892483946401625872e-04 2.021477222442626953e+00
9.888486936688423157e-03 1.243610773235559464e-02 4.375245189294219017e-04 2.250261545181274414e+00
6.469309446401894093e-04 6.076047662645578384e-03 3.968940582126379013e-04 2.056432008743286133e+00
5.684349453076720238e-04 7.572108297608792782e-04 3.815151867456734180e-04 1.998891472816467285e+00
3.935773670673370361e-02 2.163178287446498871e-03 4.607441951520740986e-04 2.305089235305786133e+00
5.739384796470403671e-04 4.092869814485311508e-03 4.006550298072397709e-04 2.068475484848022461e+00
3.744196519255638123e-02 2.896131249144673347e-03 4.598354571498930454e-04 2.297255992889404297e+00
6.001618457958102226e-04 2.219474641606211662e-03 3.900550364051014185e-04 2.021935462951660156e+00
5.742290522903203964e-04 7.660518167540431023e-04 3.826549509540200233e-04 2.001671552658081055e+00
5.404525436460971832e-04 7.256892276927828789e-04 3.771845367737114429e-04 1.991664648056030273e+00
6.447696941904723644e-04 5.699849687516689301e-03 3.960869507864117622e-04 2.051883220672607422e+00
4.483342636376619339e-04 6.523716729134321213e-04 3.709005541168153286e-04 1.984849214553833008e+00
5.612670211121439934e-04 2.371598966419696808e-03 3.941068134736269712e-04 2.045480012893676758e+00
6.860315334051847458e-04 1.165127847343683243e-02 4.119391960557550192e-04 2.130007266998291016e+00
6.719615194015204906e-04 8.150992915034294128e-03 4.022471257485449314e-04 2.077101707458496094e+00
6.811885396018624306e-04 1.082517951726913452e-02 4.100553342141211033e-04 2.117702722549438477e+00
5.316350725479424000e-04 7.155969506129622459e-04 3.760476247407495975e-04 1.989341020584106445e+00
5.389064317569136620e-04 7.357355207204818726e-04 3.791740746237337589e-04 1.997837305068969727e+00
5.457948427647352219e-04 1.528312102891504765e-03 3.921726020053029060e-04 2.039958953857421875e+00
6.459450232796370983e-04 7.204497698694467545e-03 4.012900171801447868e-04 2.075659990310668945e+00
5.579576827585697174e-04 1.838623895309865475e-03 3.924514167010784149e-04 2.038505554199218750e+00
5.534825101494789124e-02 9.765157010406255722e-04 4.637229139916598797e-04 2.267980098724365234e+00
6.730173481628298759e-04 9.370815008878707886e-03 4.062808293383568525e-04 2.096977472305297852e+00
5.400727968662977219e-04 7.515455363318324089e-04 3.820975834969431162e-04 2.006273984909057617e+00
6.827719043940305710e-04 9.969640523195266724e-03 4.071214643772691488e-04 2.102053165435791016e+00
2.445424720644950867e-02 7.740234024822711945e-03 4.508296260610222816e-04 2.335285186767578125e+00
5.488340975716710091e-04 9.715869091451168060e-04 3.896015114150941372e-04 2.028929710388183594e+00
6.341230124235153198e-02 9.150833357125520706e-04 4.865950031671673059e-04 2.265521526336669922e+00
5.990812205709517002e-04 6.866144482046365738e-03 4.067560366820544004e-04 2.100224733352661133e+00
5.408064462244510651e-04 7.415147847495973110e-04 3.801585116889327765e-04 2.000348091125488281e+00
5.701452028006315231e-04 3.153535071760416031e-03 3.967577358707785606e-04 2.053952217102050781e+00
6.631012074649333954e-04 8.232029154896736145e-03 4.033924196846783161e-04 2.083241939544677734e+00
5.875992355868220329e-04 7.798926671966910362e-04 3.849662025459110737e-04 2.004812955856323242e+00
6.786112207919359207e-04 1.135978568345308304e-02 4.117712960578501225e-04 2.128269433975219727e+00
6.653013988398015499e-04 8.112534880638122559e-03 4.027007962577044964e-04 2.080006122589111328e+00
5.296057788655161858e-04 7.288752822205424309e-04 3.786778834182769060e-04 1.997462749481201172e+00
6.460138247348368168e-04 5.086450837552547455e-03 3.936497960239648819e-04 2.041347980499267578e+00
6.536625442095100880e-04 6.015233229845762253e-03 3.958370652981102467e-04 2.051689147949218750e+00
5.319750052876770496e-04 7.184584392234683037e-04 3.765161382034420967e-04 1.990807175636291504e+00
6.834937958046793938e-04 9.647640399634838104e-03 4.059498896822333336e-04 2.096124410629272461e+00
6.752401241101324558e-04 1.261065620929002762e-02 4.152613691985607147e-04 2.152134656906127930e+00
6.305655115284025669e-04 4.156318493187427521e-03 3.927364305127412081e-04 2.035523653030395508e+00
1.515834629535675049e-01 1.842212805058807135e-04 7.420489192008972168e-02 1.836812973022460938e+00
5.728595424443483353e-04 1.852984656579792500e-03 3.909511724486947060e-04 2.030441761016845703e+00
5.277431919239461422e-04 7.124788244254887104e-04 3.757930826395750046e-04 1.989030480384826660e+00
6.687293061986565590e-04 8.797000162303447723e-03 4.049454582855105400e-04 2.089815855026245117e+00
5.477263475768268108e-04 7.703561568632721901e-04 3.849376225844025612e-04 2.014100551605224609e+00
6.684635300189256668e-04 8.241657167673110962e-03 4.029266419820487499e-04 2.080443382263183594e+00
5.453047342598438263e-04 7.317458512261509895e-04 3.779914986807852983e-04 1.993274927139282227e+00
5.277383606880903244e-04 7.097760681062936783e-04 3.752576885744929314e-04 1.987592339515686035e+00
6.808983162045478821e-04 9.572619572281837463e-03 4.057930200360715389e-04 2.095841169357299805e+00
6.448621861636638641e-04 5.498379468917846680e-03 3.953344130422919989e-04 2.048572063446044922e+00
6.712698959745466709e-04 8.141454309225082397e-03 4.023256478831171989e-04 2.077321529388427734e+00
6.466269842348992825e-04 5.017848685383796692e-03 3.932878607884049416e-04 2.039919853210449219e+00
5.723524373024702072e-04 7.636210648342967033e-04 3.823508450295776129e-04 2.001010656356811523e+00
5.691426922567188740e-04 2.139732474461197853e-03 3.925447235815227032e-04 2.037326574325561523e+00
2.189549244940280914e-02 8.909501135349273682e-03 4.491701838560402393e-04 2.301310777664184570e+00
6.155217997729778290e-04 2.787299687042832375e-03 3.894629189744591713e-04 2.022019386291503906e+00
6.486763013526797295e-04 7.002975791692733765e-03 4.002128844149410725e-04 2.070705890655517578e+00
6.104595959186553955e-04 4.807471297681331635e-03 3.978916211053729057e-04 2.057716131210327148e+00
6.879115826450288296e-04 1.027843169867992401e-02 4.079181235283613205e-04 2.105697631835937500e+00
5.393715109676122665e-04 7.362160249613225460e-04 3.792414499912410975e-04 1.997921347618103027e+00
6.529520615004003048e-04 6.333992350846529007e-03 3.971562837250530720e-04 2.057317018508911133e+00
4.966366663575172424e-02 1.049105077981948853e-03 4.630147595889866352e-04 2.313080787658691406e+00
6.565690273419022560e-04 8.663956075906753540e-03 4.055688041262328625e-04 2.094327449798583984e+00
5.284074577502906322e-04 7.141074747778475285e-04 3.759636310860514641e-04 1.989698171615600586e+00
5.736792809329926968e-04 7.666641613468527794e-04 3.828009357675909996e-04 2.002269744873046875e+00
6.858826964162290096e-04 9.990029036998748779e-03 4.070562426932156086e-04 2.101240873336791992e+00
6.884759059175848961e-04 1.532087661325931549e-02 4.225978627800941467e-04 2.204415082931518555e+00
6.872413796372711658e-04 1.057854760438203812e-02 4.088681889697909355e-04 2.111033678054809570e+00
5.635793786495923996e-04 7.484081434085965157e-04 3.802058054134249687e-04 1.995814442634582520e+00
5.548949702642858028e-04 7.393862470053136349e-04 3.789088805206120014e-04 1.993949174880981445e+00
6.645545363426208496e-04 7.450279314070940018e-03 4.000968183390796185e-04 2.069107055664062500e+00
5.605967598967254162e-04 7.510459399782121181e-04 3.808620676863938570e-04 1.998397588729858398e+00
