7.741042971611022949e-01
7.386919260025024414e-01
7.043353915214538574e-01
6.710266470909118652e-01
6.387552022933959961e-01
6.075080633163452148e-01
5.772695541381835938e-01
5.480238199234008789e-01
5.197523832321166992e-01
4.924359917640686035e-01
4.660555720329284668e-01
4.405899643898010254e-01
4.160189926624298096e-01
3.923221230506896973e-01
3.694795668125152588e-01
3.474712073802947998e-01
3.262778818607330322e-01
3.058807849884033203e-01
2.862622141838073730e-01
2.674051225185394287e-01
2.492933273315429688e-01
2.319113016128540039e-01
2.152451276779174805e-01
1.992810070514678955e-01
1.840057075023651123e-01
1.694083958864212036e-01
1.554769277572631836e-01
1.422017067670822144e-01
1.295722424983978271e-01
1.175799220800399780e-01
1.062162294983863831e-01
9.547299891710281372e-02
8.534291386604309082e-02
7.581881433725357056e-02
6.689401715993881226e-02
5.856198817491531372e-02
5.081714689731597900e-02
4.365358129143714905e-02
3.706597536802291870e-02
3.104914724826812744e-02
2.559815533459186554e-02
2.070819400250911713e-02
1.637517288327217102e-02
1.259429380297660828e-02
9.361362084746360779e-03
6.672900635749101639e-03
4.524961113929748535e-03
2.913717180490493774e-03
1.836181152611970901e-03
1.288533210754394531e-03
1.267910003662109375e-03
1.770854461938142776e-03
2.795222681015729904e-03
4.337919410318136215e-03
6.395969074219465256e-03
8.970451541244983673e-03
1.205350738018751144e-02
1.564538478851318359e-02
1.974454149603843689e-02
2.434777095913887024e-02
2.945460751652717590e-02
3.506279736757278442e-02
4.117068648338317871e-02
4.777685552835464478e-02
5.488012358546257019e-02
6.248658522963523865e-02
7.058028131723403931e-02
7.916753739118576050e-02
8.824718743562698364e-02
9.781827777624130249e-02
1.078802347183227539e-01
1.184316426515579224e-01
1.294725090265274048e-01
1.410022526979446411e-01
1.530198156833648682e-01
1.655379682779312134e-01
1.785313338041305542e-01
1.920114755630493164e-01
2.059785425662994385e-01
2.204324305057525635e-01
2.353728860616683960e-01
2.508001923561096191e-01
2.667135000228881836e-01
2.831140458583831787e-01
3.000007271766662598e-01
3.173920810222625732e-01
3.352541029453277588e-01
3.536043465137481689e-01
3.724421262741088867e-01
3.917683362960815430e-01
4.115835428237915039e-01
4.318883121013641357e-01
4.526839852333068848e-01
4.739702045917510986e-01
4.957486391067504883e-01
5.180412530899047852e-01
5.408056974411010742e-01
5.640650391578674316e-01
5.878192782402038574e-01
6.120697855949401855e-01
