1.259514093399047852e-01
1.209197044372558594e-01
1.159931421279907227e-01
1.111730337142944336e-01
1.064580678939819336e-01
1.018487215042114258e-01
9.734475612640380859e-02
9.294569492340087891e-02
8.865177631378173828e-02
8.446276187896728516e-02
8.037805557250976562e-02
7.639753818511962891e-02
7.252156734466552734e-02
6.874966621398925781e-02
6.508183479309082031e-02
6.151771545410156250e-02
5.805695056915283203e-02
5.469989776611328125e-02
5.144631862640380859e-02
4.829585552215576172e-02
4.524850845336914062e-02
4.230415821075439453e-02
3.946232795715332031e-02
3.672349452972412109e-02
3.408706188201904297e-02
3.155303001403808594e-02
2.912139892578125000e-02
2.679169178009033203e-02
2.456438541412353516e-02
2.243888378143310547e-02
2.041530609130859375e-02
1.849377155303955078e-02
1.667344570159912109e-02
1.495516300201416016e-02
1.333820819854736328e-02
1.182270050048828125e-02
1.040875911712646484e-02
9.095907211303710938e-03
7.884263992309570312e-03
6.774187088012695312e-03
5.764722824096679688e-03
4.856586456298828125e-03
4.049539566040039062e-03
3.342986106872558594e-03
2.737879753112792969e-03
2.233624458312988281e-03
1.830101013183593750e-03
1.527547836303710938e-03
1.325845718383789062e-03
1.224994659423828125e-03
1.224994659423828125e-03
1.325845718383789062e-03
1.527547836303710938e-03
1.830101013183593750e-03
2.233624458312988281e-03
2.737879753112792969e-03
3.342986106872558594e-03
4.049539566040039062e-03
4.856586456298828125e-03
5.764722824096679688e-03
6.774187088012695312e-03
7.884263992309570312e-03
9.095907211303710938e-03
1.040875911712646484e-02
1.182270050048828125e-02
1.333820819854736328e-02
1.495516300201416016e-02
1.667344570159912109e-02
1.849377155303955078e-02
2.041530609130859375e-02
2.243888378143310547e-02
2.456438541412353516e-02
2.679169178009033203e-02
2.912139892578125000e-02
3.155303001403808594e-02
3.408706188201904297e-02
3.672349452972412109e-02
3.946232795715332031e-02
4.230415821075439453e-02
4.524850845336914062e-02
4.829585552215576172e-02
5.144631862640380859e-02
5.469989776611328125e-02
5.805695056915283203e-02
6.151771545410156250e-02
6.508183479309082031e-02
6.874966621398925781e-02
7.252156734466552734e-02
7.639753818511962891e-02
8.037805557250976562e-02
8.446276187896728516e-02
8.865177631378173828e-02
9.294569492340087891e-02
9.734475612640380859e-02
1.018487215042114258e-01
1.064580678939819336e-01
1.111730337142944336e-01
1.159931421279907227e-01
1.209197044372558594e-01
1.259514093399047852e-01
