3.648619055747985840e-01
3.475955724716186523e-01
3.309341073036193848e-01
3.148547708988189697e-01
2.993369698524475098e-01
2.843615710735321045e-01
2.699096202850341797e-01
2.559652328491210938e-01
2.425124198198318481e-01
2.295364439487457275e-01
2.170231193304061890e-01
2.049603462219238281e-01
1.933354139328002930e-01
1.821372658014297485e-01
1.713547706604003906e-01
1.609783470630645752e-01
1.509976834058761597e-01
1.414040625095367432e-01
1.321893036365509033e-01
1.233444660902023315e-01
1.148624643683433533e-01
1.067355424165725708e-01
9.895686805248260498e-02
9.151927381753921509e-02
8.441726118326187134e-02
7.764378190040588379e-02
7.119356840848922729e-02
6.506066024303436279e-02
5.923942849040031433e-02
5.372546240687370300e-02
4.851278662681579590e-02
4.359710961580276489e-02
3.897365182638168335e-02
3.463787585496902466e-02
3.058596700429916382e-02
2.681278996169567108e-02
2.331488579511642456e-02
2.008819766342639923e-02
1.712890900671482086e-02
1.443344075232744217e-02
1.199797447770833969e-02
9.819053113460540771e-03
7.893932983279228210e-03
6.218321621417999268e-03
4.789594560861587524e-03
3.605248173698782921e-03
2.661109436303377151e-03
1.955151790753006935e-03
1.484274864196777344e-03
1.245498657226562500e-03
1.236200332641601562e-03
1.454353332519531250e-03
1.896500703878700733e-03
2.560973633080720901e-03
3.444434376433491707e-03
4.546883050352334976e-03
5.863075144588947296e-03
7.392057217657566071e-03
9.131683036684989929e-03
1.107968855649232864e-02
1.323392894119024277e-02
1.559344958513975143e-02
1.815455593168735504e-02
2.091665193438529968e-02
2.387759461998939514e-02
2.703892998397350311e-02
3.039231523871421814e-02
3.393942117691040039e-02
3.767857700586318970e-02
4.160752147436141968e-02
4.572577029466629028e-02
5.003142729401588440e-02
5.452233925461769104e-02
5.919826775789260864e-02
6.405671685934066772e-02
6.910172849893569946e-02
7.432174682617187500e-02
7.972130179405212402e-02
8.529836684465408325e-02
9.105139225721359253e-02
9.698013961315155029e-02
1.030827015638351440e-01
1.093581169843673706e-01
1.158054471015930176e-01
1.224233657121658325e-01
1.292173713445663452e-01
1.361739784479141235e-01
1.432974934577941895e-01
1.505880206823348999e-01
1.580441296100616455e-01
1.656646430492401123e-01
1.734493225812911987e-01
1.813970655202865601e-01
1.895063668489456177e-01
1.977765858173370361e-01
2.062157392501831055e-01
2.148063033819198608e-01
2.235556542873382568e-01
2.324629575014114380e-01
2.415271550416946411e-01
