2.626755475997924805e+00
2.103459596633911133e+00
-1.261029005050659180e+00
-1.177897691726684570e+00
2.321407556533813477e+00
-3.656953573226928711e-01
-1.482554793357849121e+00
-4.594971239566802979e-01
-1.987621784210205078e+00
-4.444016814231872559e-01
-4.029312133789062500e-01
1.826921105384826660e+00
-1.212954044342041016e+00
-7.540962696075439453e-01
-7.158882021903991699e-01
-2.182392477989196777e-01
-1.844848155975341797e+00
-1.940098591148853302e-02
-1.153575420379638672e+00
-3.824687600135803223e-01
-4.893881380558013916e-01
-2.142667025327682495e-02
-5.221952199935913086e-01
4.833835363388061523e-01
-2.859553396701812744e-01
-1.728147149085998535e+00
-3.491377830505371094e-01
-7.382375001907348633e-01
9.698824882507324219e-01
-7.893304824829101562e-01
2.170039176940917969e+00
-2.072100877761840820e+00
9.114028215408325195e-01
-9.226104021072387695e-01
-2.050689458847045898e-01
-2.231085300445556641e-02
1.474972814321517944e-01
2.334079504013061523e+00
1.614406943321228027e+00
-1.355026841163635254e+00
-2.877528071403503418e-01
5.662274956703186035e-01
1.591021537780761719e+00
-1.727870106697082520e+00
-3.436987400054931641e-01
1.447467088699340820e+00
-1.760665774345397949e+00
9.891643524169921875e-01
-9.153012037277221680e-01
-2.192628234624862671e-01
8.169569373130798340e-01
-1.352569937705993652e+00
-2.219747543334960938e+00
-1.757088184356689453e+00
2.082599401473999023e+00
2.549602508544921875e+00
-1.977162837982177734e+00
-4.530683159828186035e-01
-8.312355875968933105e-01
-3.419147431850433350e-01
-1.386578559875488281e+00
1.849143862724304199e+00
-1.235267400741577148e+00
1.892088532447814941e+00
