3.545823991298675537e-01 6.618608534336090088e-02 1.927659034729003906e+00 1.230148714967072010e-03
3.353418083861470222e-03 4.329133080318570137e-04 5.543574690818786621e-03 2.375429868698120117e+00
2.465462785039562732e-06 4.636239900719374418e-04 3.637915551662445068e-01 4.331935346126556396e-01
1.103216200135648251e-03 6.004414521157741547e-03 1.634637594223022461e+00 2.699041366577148438e-01
3.310493193566799164e-03 3.835181414615362883e-04 3.798616584390401840e-03 2.473841905593872070e+00
1.767756714343704516e-07 5.907255058446025942e-07 2.980391681194305420e-01 2.982476055622100830e-01
3.388425975572317839e-04 8.188122883439064026e-03 1.721602797508239746e+00 2.353325188159942627e-01
-0.000000000000000000e+00 2.792469366852401436e-09 1.415189206600189209e-01 1.415218859910964966e-01
1.083621464204043150e-05 1.136071328073740005e-02 1.528075218200683594e+00 4.372356488602235913e-05
3.550713699951302260e-06 5.186150665394961834e-04 4.184451699256896973e-02 1.034550741314888000e-01
8.837558311824977864e-07 2.296398179169045761e-06 1.551454812288284302e-01 1.560422033071517944e-01
3.379363100975751877e-03 4.812275292351841927e-04 7.836108095943927765e-03 2.262014865875244141e+00
4.021114534680236829e-07 1.590731358191987965e-06 4.719041883945465088e-01 4.724444448947906494e-01
1.961966290764394216e-06 5.394678737502545118e-06 1.168864294886589050e-01 1.189769059419631958e-01
1.528416646578989457e-07 3.324049657749128528e-07 1.951180100440979004e-01 1.951885223388671875e-01
3.937633708119392395e-03 1.570155145600438118e-03 1.612050645053386688e-02 1.705489039421081543e+00
4.039225132146384567e-06 4.997446085326373577e-04 4.819651246070861816e-01 5.463616251945495605e-01
7.641866977792233229e-05 1.789454690879210830e-04 8.379717469215393066e-01 2.020340710878372192e-01
3.097590450806819717e-08 1.131375597651640419e-07 4.549878239631652832e-01 4.549921154975891113e-01
-0.000000000000000000e+00 3.242054402718963502e-09 7.325923442840576172e-02 7.325913757085800171e-02
2.520950488360540476e-07 9.157932367998000700e-07 1.737863570451736450e-01 1.740976721048355103e-01
4.924681503325700760e-03 1.588227576576173306e-03 1.669594272971153259e-02 1.764474153518676758e+00
7.084577191562857479e-08 1.553609223492458113e-07 8.105871081352233887e-02 8.109335601329803467e-02
3.015134483575820923e-03 6.082644104026257992e-04 1.724484935402870178e-02 1.856123685836791992e+00
6.910555327976908302e-08 1.152811748283966153e-07 6.759481877088546753e-02 6.759810447692871094e-02
4.456521477550268173e-03 8.227564394474029541e-03 3.086557844653725624e-03 9.491187930107116699e-01
6.236234639800386503e-09 5.352994048024584117e-09 8.906399458646774292e-02 8.906378597021102905e-02
4.141194887008481373e-10 -0.000000000000000000e+00 1.808756589889526367e-01 1.808739900588989258e-01
1.811827570199966431e-01 2.647059503942728043e-03 1.583613395690917969e+00 1.873039989732205868e-03
5.821435479447245598e-04 7.765098125673830509e-04 8.736935444176197052e-03 1.578417420387268066e-01
4.310199618339538574e-01 7.742749899625778198e-02 1.950477957725524902e+00 1.092002858058549464e-04
8.567854820284992456e-06 1.262016594409942627e-02 1.940727114677429199e+00 1.051494851708412170e-01
3.132812445983290672e-03 5.184641340747475624e-04 1.480799075216054916e-02 1.960337162017822266e+00
1.962160013135871850e-06 1.180009076051646844e-05 3.361178636550903320e-01 3.394995927810668945e-01
3.985167325026850449e-07 2.480034936525044031e-06 7.563473284244537354e-02 7.632705569267272949e-02
2.674176130312844180e-06 -0.000000000000000000e+00 5.877615213394165039e-01 5.858823060989379883e-01
3.141634399071335793e-03 8.161753066815435886e-04 1.807428523898124695e-02 1.787153840065002441e+00
4.289771616458892822e-01 9.800635278224945068e-02 2.026559829711914062e+00 1.142154724220745265e-04
3.079835474491119385e-01 2.409026771783828735e-02 1.821749210357666016e+00 9.426091855857521296e-05
5.600893615564928041e-08 1.513128893293469446e-07 4.484027922153472900e-01 4.484227597713470459e-01
2.009253137202904327e-07 4.688118906415184028e-07 7.067906856536865234e-02 7.083071768283843994e-02
3.053966211155056953e-03 5.993677768856287003e-04 1.690574176609516144e-02 1.876307487487792969e+00
3.367504337802529335e-03 5.033243214711546898e-04 9.813779965043067932e-03 2.174773454666137695e+00
1.157901260739890859e-05 6.950819515623152256e-04 4.314808547496795654e-01 5.419965386390686035e-01
8.507596066920086741e-05 6.375107914209365845e-04 1.614979095757007599e-02 1.246090978384017944e-01
1.959538608789443970e-01 7.229395955801010132e-02 2.211014032363891602e+00 9.925454651238396764e-05
4.121094942092895508e-03 7.063165772706270218e-03 4.561259970068931580e-02 8.907694816589355469e-01
3.391945036128163338e-03 7.025744416750967503e-04 1.455501839518547058e-02 1.991605758666992188e+00
2.870945309041417204e-06 5.114300292916595936e-04 3.203981220722198486e-01 3.827128112316131592e-01
2.153435161744710058e-05 4.466549580683931708e-05 2.361996620893478394e-01 2.467565387487411499e-01
3.049139864742755890e-03 5.252137198112905025e-04 1.533631980419158936e-02 1.933089256286621094e+00
1.131005228671710938e-05 5.020824610255658627e-04 3.569182455539703369e-01 4.400608837604522705e-01
2.686287509277462959e-03 7.993658073246479034e-03 1.174253344535827637e+00 1.203164830803871155e-02
4.224123433232307434e-03 7.370283827185630798e-03 3.360066935420036316e-02 9.071027636528015137e-01
3.605691194534301758e-01 7.567419111728668213e-02 1.978319644927978516e+00 1.073350722435861826e-04
3.238138975575566292e-03 3.333170316182076931e-04 1.890311017632484436e-03 2.581559181213378906e+00
2.278268104419112206e-03 2.667792607098817825e-03 9.553543329238891602e-01 1.552683711051940918e-01
2.606433781693340279e-06 3.901485179085284472e-04 4.205027967691421509e-02 8.758264780044555664e-02
1.112457348462214668e-09 2.056827241858627531e-08 1.670570224523544312e-01 1.670611053705215454e-01
4.383549025988031644e-07 2.165531259379349649e-05 2.000648528337478638e-01 2.030699849128723145e-01
2.806167685776017606e-06 5.900713149458169937e-04 4.474445879459381104e-01 5.304313898086547852e-01
3.346316749230027199e-03 4.430387925822287798e-04 7.650067098438739777e-03 2.270374774932861328e+00
3.622457143137580715e-06 6.274344050325453281e-04 3.700998425483703613e-01 4.511619210243225098e-01
3.311640620231628418e-01 5.582552775740623474e-02 2.040368795394897461e+00 1.051781946443952620e-04
