2.306241774931550026e-03 5.721291527152061462e-03 7.216241955757141113e-02 9.520827293395996094e+00
1.492529630661010742e+00 2.981848642230033875e-02 3.435119753703474998e-03 5.056822299957275391e+00
-0.000000000000000000e+00 -0.000000000000000000e+00 -0.000000000000000000e+00 3.699235916137695312e+00
-0.000000000000000000e+00 3.192174517607782036e-06 -0.000000000000000000e+00 2.756117820739746094e+00
-0.000000000000000000e+00 1.570806261952384375e-06 -0.000000000000000000e+00 3.167175769805908203e+00
-0.000000000000000000e+00 3.098423803749028593e-06 -0.000000000000000000e+00 2.824581623077392578e+00
6.966433525085449219e-01 1.070867657661437988e+00 1.889438629150390625e+00 2.568287309259176254e-03
-0.000000000000000000e+00 6.306590307758597191e-07 -0.000000000000000000e+00 3.321789503097534180e+00
-0.000000000000000000e+00 1.591116756571864244e-06 -0.000000000000000000e+00 3.163195610046386719e+00
-0.000000000000000000e+00 -0.000000000000000000e+00 -0.000000000000000000e+00 3.519860982894897461e+00
-0.000000000000000000e+00 7.844909305276814848e-06 1.113273356168065220e-06 6.174928665161132812e+00
-0.000000000000000000e+00 2.377849341428373009e-06 -0.000000000000000000e+00 3.138056755065917969e+00
-0.000000000000000000e+00 2.719408030316117220e-06 -0.000000000000000000e+00 2.953528404235839844e+00
-0.000000000000000000e+00 2.781168404908385128e-06 -0.000000000000000000e+00 2.940380096435546875e+00
-0.000000000000000000e+00 1.430694965165457688e-06 -0.000000000000000000e+00 3.192959547042846680e+00
2.023770958185195923e-01 6.593794375658035278e-02 -0.000000000000000000e+00 1.515575647354125977e+00
