6.157662272453308105e-01 2.556379139423370361e-01 1.895109295845031738e+00 3.228927254676818848e-01
-0.000000000000000000e+00 -0.000000000000000000e+00 2.546098642051219940e-02 2.546098642051219940e-02
5.252441857010126114e-03 2.148417942225933075e-02 2.304133653640747070e+00 2.406360290478914976e-04
-0.000000000000000000e+00 6.098653670960629825e-08 6.489373743534088135e-02 6.490000337362289429e-02
-0.000000000000000000e+00 -0.000000000000000000e+00 1.874807104468345642e-02 1.872375793755054474e-02
-0.000000000000000000e+00 -0.000000000000000000e+00 4.433690309524536133e-01 4.425834417343139648e-01
1.710301011925707826e-09 1.609977706706899880e-09 1.516760885715484619e-01 1.516761183738708496e-01
-0.000000000000000000e+00 -0.000000000000000000e+00 6.331110745668411255e-02 6.331179291009902954e-02
6.927660703659057617e-01 8.146103471517562866e-02 1.524268627166748047e+00 2.244800701737403870e-02
4.149706065654754639e-01 6.247759237885475159e-02 1.732797741889953613e+00 4.013035818934440613e-02
-0.000000000000000000e+00 -0.000000000000000000e+00 3.351705968379974365e-01 3.351706266403198242e-01
-0.000000000000000000e+00 -0.000000000000000000e+00 2.575598359107971191e-01 2.575600743293762207e-01
-0.000000000000000000e+00 -0.000000000000000000e+00 8.590468764305114746e-02 8.590462058782577515e-02
5.773768294602632523e-03 2.041511761490255594e-04 1.407014280557632446e-01 3.841416597366333008e+00
4.696300948126008734e-08 4.299361222592779086e-08 1.549901813268661499e-01 1.549907475709915161e-01
4.309366643428802490e-01 4.368147999048233032e-02 1.361721277236938477e+00 1.298183854669332504e-02
