-3.089148700237274170e-01
-4.725634157657623291e-01
5.369589924812316895e-01
-3.464393317699432373e-01
-1.636237382888793945e+00
1.460728645324707031e+00
-1.261202096939086914e+00
-5.141347646713256836e-01
-5.875219702720642090e-01
-1.628475189208984375e-01
-3.391914963722229004e-01
-1.729294896125793457e+00
1.937157750129699707e+00
-2.962699234485626221e-01
1.915215849876403809e+00
-1.917953729629516602e+00
1.335185289382934570e+00
-2.262976169586181641e+00
-4.716818630695343018e-01
-1.789988398551940918e+00
1.469286084175109863e+00
-3.656196594238281250e-01
-4.126039147377014160e-01
-2.567346692085266113e-01
-1.471190452575683594e+00
-3.760279119014739990e-01
-1.272201895713806152e+00
-5.900774002075195312e-01
-1.648147225379943848e+00
-1.637592673301696777e+00
-1.429535984992980957e+00
-9.863638281822204590e-01
1.222932219505310059e+00
-4.672155976295471191e-01
-4.225865006446838379e-01
-1.127699494361877441e+00
-4.249343872070312500e-01
-1.724166870117187500e+00
-6.198032498359680176e-01
-1.698736786842346191e+00
-2.621623873710632324e-01
2.088633775711059570e-01
-9.282488822937011719e-01
6.387504339218139648e-01
-6.038028597831726074e-01
-2.327032238245010376e-01
-1.040903568267822266e+00
2.608351707458496094e+00
1.206908468157052994e-02
6.245125532150268555e-01
-4.476766884326934814e-01
-2.707558274269104004e-01
4.996739327907562256e-01
-4.344841539859771729e-01
-3.213143646717071533e-01
5.370678380131721497e-02
4.349010586738586426e-01
-4.748567938804626465e-01
-5.375882983207702637e-01
-1.635321021080017090e+00
-2.072413682937622070e+00
-6.391073465347290039e-01
-4.891465604305267334e-01
-3.649992942810058594e-01
-4.201081693172454834e-01
-6.777421832084655762e-01
-3.581098616123199463e-01
-1.251383423805236816e+00
-8.269437551498413086e-01
6.258955597877502441e-01
-5.252080559730529785e-01
1.409403085708618164e+00
-1.219253167510032654e-01
-7.563053965568542480e-01
-4.632088243961334229e-01
-8.803780078887939453e-01
-3.688669800758361816e-01
-1.961639761924743652e+00
1.546092987060546875e+00
1.093500733375549316e+00
-2.731475532054901123e-01
1.399296522140502930e+00
-6.572443842887878418e-01
-9.757402539253234863e-01
-9.313763976097106934e-01
-3.988141119480133057e-01
-4.205852746963500977e-01
-1.259548515081405640e-01
-9.894669651985168457e-01
-3.015640974044799805e-01
-1.723316669464111328e+00
-1.460228323936462402e+00
1.124981880187988281e+00
-2.558591067790985107e-01
-1.120340108871459961e+00
-3.467549383640289307e-01
-3.624763488769531250e-01
-4.487698972225189209e-01
2.164632320404052734e+00
-2.302082926034927368e-01
-6.783537864685058594e-01
-1.689344882965087891e+00
-6.347312927246093750e-01
2.344005823135375977e+00
-7.597968578338623047e-01
1.557842254638671875e+00
-4.617750942707061768e-01
-6.119910478591918945e-01
-2.960097193717956543e-01
-1.874851882457733154e-01
7.098176479339599609e-01
1.949678540229797363e+00
-2.763470113277435303e-01
-2.059825181961059570e+00
-2.665896415710449219e-01
4.144918322563171387e-01
-2.867440879344940186e-01
2.110663652420043945e+00
-1.748766422271728516e+00
-4.235550165176391602e-01
-8.360735177993774414e-01
2.735496044158935547e+00
-4.845709502696990967e-01
-1.637165546417236328e+00
-5.126438140869140625e-01
-1.106721043586730957e+00
-3.357917666435241699e-01
-1.592680335044860840e+00
