-0.000000000000000000e+00 -0.000000000000000000e+00 6.764961034059524536e-02 6.764982640743255615e-02
1.103861224649449468e-09 1.361560975077225066e-09 1.085607185959815979e-01 1.085608229041099548e-01
6.768139451742172241e-02 7.450557313859462738e-04 1.412881612777709961e+00 2.598522976040840149e-02
-0.000000000000000000e+00 2.255201798107009381e-05 6.381469964981079102e-02 6.461171805858612061e-02
2.471990184858441353e-03 9.423635492566972971e-05 1.003405213356018066e+00 8.073697984218597412e-02
4.104644060134887695e-03 4.598810337483882904e-04 6.198508199304342270e-03 2.082916975021362305e+00
8.351090485803069896e-09 -0.000000000000000000e+00 4.736569821834564209e-01 4.736754000186920166e-01
3.609398845583200455e-04 1.694497070275247097e-03 3.039655275642871857e-02 1.600899249315261841e-01
3.179909836035221815e-04 1.247486798092722893e-03 1.213646680116653442e-01 1.865986287593841553e-01
4.323890432715415955e-03 6.113840936450287700e-05 1.531470417976379395e+00 1.826123595237731934e-01
-0.000000000000000000e+00 1.032446925819385797e-05 6.981538236141204834e-02 6.997362524271011353e-02
3.220971208065748215e-03 1.105420524254441261e-04 1.039163947105407715e+00 7.322562485933303833e-02
5.916364025324583054e-03 4.408636596053838730e-04 2.955736592411994934e-03 2.275229692459106445e+00
3.350141341798007488e-04 1.430070144124329090e-03 6.209946423768997192e-02 1.210096031427383423e-01
3.865757957100868225e-03 4.344003100413829088e-04 3.142172703519463539e-03 2.260138750076293945e+00
4.977525677531957626e-04 1.702710241079330444e-02 1.047039495460921898e-05 1.367518305778503418e+00
6.032941397279500961e-03 4.908062401227653027e-04 6.628618575632572174e-03 2.040506124496459961e+00
8.091460767900571227e-05 1.412730943411588669e-02 1.860882401466369629e+00 3.710699675139039755e-04
-0.000000000000000000e+00 -0.000000000000000000e+00 1.705993711948394775e-01 1.706030666828155518e-01
8.381024235859513283e-04 1.601477712392807007e-02 1.958500979526434094e-05 1.324586272239685059e+00
1.769809871912002563e-01 4.775300330948084593e-04 1.673043608665466309e+00 7.495120633393526077e-03
-0.000000000000000000e+00 -0.000000000000000000e+00 2.115850746631622314e-01 2.092996835708618164e-01
-0.000000000000000000e+00 -0.000000000000000000e+00 7.578891515731811523e-02 7.511030137538909912e-02
4.511539591476321220e-04 2.025224966928362846e-03 4.188890755176544189e-02 9.735983610153198242e-02
4.484654709813185036e-06 1.879089139401912689e-02 9.834918273554649204e-06 1.453062534332275391e+00
-0.000000000000000000e+00 -0.000000000000000000e+00 7.584997266530990601e-02 7.585057616233825684e-02
-0.000000000000000000e+00 2.432811819016933441e-02 -0.000000000000000000e+00 1.690730571746826172e+00
-0.000000000000000000e+00 -0.000000000000000000e+00 2.389057129621505737e-01 2.388936430215835571e-01
1.232517533935606480e-04 6.342535925796255469e-05 9.272332191467285156e-01 1.274585425853729248e-01
1.325833261944353580e-03 3.439919557422399521e-03 1.138971328735351562e+00 1.328307203948497772e-02
-0.000000000000000000e+00 1.676767860772088170e-04 4.555014669895172119e-01 4.583961367607116699e-01
-0.000000000000000000e+00 1.902281496768409852e-06 3.649219572544097900e-01 3.651951849460601807e-01
3.403393086045980453e-03 4.725087492261081934e-04 7.790351752191781998e-03 2.002282619476318359e+00
2.604030324704353916e-10 -0.000000000000000000e+00 8.816795051097869873e-02 8.818021416664123535e-02
-0.000000000000000000e+00 3.796768942265771329e-05 1.504355370998382568e-01 1.515832245349884033e-01
-0.000000000000000000e+00 -0.000000000000000000e+00 4.587233364582061768e-01 4.587033092975616455e-01
1.031791907735168934e-05 9.725783456815406680e-06 5.507894158363342285e-01 4.873782694339752197e-01
4.995965282432734966e-04 3.263373160734772682e-03 4.491705894470214844e-01 5.406792759895324707e-01
1.650902777328155935e-05 1.522469210613053292e-05 8.181344866752624512e-01 3.860682845115661621e-01
6.774772373319137841e-06 5.120358764543198049e-06 4.873788058757781982e-01 4.899514615535736084e-01
2.701773915703142848e-09 1.998619714171923079e-09 6.373947113752365112e-02 6.373693048954010010e-02
2.231902210041880608e-03 4.949789145030081272e-04 1.178943458944559097e-02 1.737076282501220703e+00
-0.000000000000000000e+00 8.903598645702004433e-04 3.878620862960815430e-01 4.003382921218872070e-01
9.960147508536465466e-06 1.109992990677710623e-05 1.147778153419494629e+00 2.126003801822662354e-01
-0.000000000000000000e+00 2.317736402801529039e-07 2.386300116777420044e-01 2.386409491300582886e-01
5.232458910597870272e-10 2.996705550373235383e-09 8.797650784254074097e-02 8.797638118267059326e-02
-0.000000000000000000e+00 3.439571592025458813e-04 3.830061256885528564e-01 3.885051906108856201e-01
3.636649576947093010e-03 4.086071858182549477e-04 3.560904297046363354e-04 2.599259853363037109e+00
5.593896377831697464e-03 3.662456947495229542e-05 1.187013506889343262e+00 1.184460148215293884e-01
2.162153599783778191e-03 4.147913132328540087e-04 1.075665187090635300e-02 1.829438328742980957e+00
2.674695798177140205e-09 -0.000000000000000000e+00 7.214279472827911377e-02 7.214275002479553223e-02
1.368469929730053991e-05 1.604954377398826182e-05 9.941885471343994141e-01 2.384378761053085327e-01
2.335065277293324471e-03 4.846871597692370415e-04 1.134621351957321167e-02 1.803113341331481934e+00
-0.000000000000000000e+00 1.108909486902120989e-06 1.103898063302040100e-01 1.104160025715827942e-01
1.891063875518739223e-04 1.906881690956652164e-03 2.114718258380889893e-01 2.474939674139022827e-01
1.981442328542470932e-03 4.368624358903616667e-04 1.187680102884769440e-02 1.705405235290527344e+00
2.755749039351940155e-03 5.631789681501686573e-04 1.159663964062929153e-02 1.793440461158752441e+00
-0.000000000000000000e+00 4.205906298011541367e-04 6.042532250285148621e-02 6.638071686029434204e-02
-0.000000000000000000e+00 -0.000000000000000000e+00 5.990131944417953491e-02 6.003292649984359741e-02
-0.000000000000000000e+00 4.900119383819401264e-04 5.360874533653259277e-01 5.443911552429199219e-01
8.204903133446350694e-05 1.186813227832317352e-02 1.662836551666259766e+00 4.692794173024594784e-04
-0.000000000000000000e+00 1.496355514973402023e-03 2.500009238719940186e-01 2.770930528640747070e-01
-0.000000000000000000e+00 -0.000000000000000000e+00 5.086474418640136719e-01 5.087203979492187500e-01
1.053665954486859846e-08 -0.000000000000000000e+00 1.791556030511856079e-01 1.791557222604751587e-01
-0.000000000000000000e+00 4.336491474532522261e-05 7.384744286537170410e-02 7.498511672019958496e-02
-0.000000000000000000e+00 1.077919364433910232e-06 4.207938313484191895e-01 4.208211898803710938e-01
3.963455310440622270e-05 1.715203979983925819e-03 4.854597523808479309e-02 8.061787486076354980e-02
-0.000000000000000000e+00 2.638683468103408813e-02 -0.000000000000000000e+00 1.777391314506530762e+00
-0.000000000000000000e+00 2.387693966738879681e-04 4.338925480842590332e-01 4.379150867462158203e-01
2.144768135622143745e-03 4.093528259545564651e-04 1.072492077946662903e-02 1.829342365264892578e+00
1.487767686825236524e-08 1.232622715008346859e-08 9.222652018070220947e-02 9.220055490732192993e-02
2.967128995805978775e-03 4.506282275542616844e-04 6.811397615820169449e-03 2.065804481506347656e+00
-0.000000000000000000e+00 -0.000000000000000000e+00 4.734512865543365479e-01 4.734574258327484131e-01
-0.000000000000000000e+00 -0.000000000000000000e+00 4.059284329414367676e-01 4.059241116046905518e-01
-0.000000000000000000e+00 6.252927705645561218e-04 5.676822736859321594e-02 6.570602208375930786e-02
2.766559482552111149e-04 1.325661782175302505e-03 3.136820197105407715e-01 3.656429052352905273e-01
-0.000000000000000000e+00 -0.000000000000000000e+00 1.938506513833999634e-01 1.938081234693527222e-01
8.290517143905162811e-05 1.022210810333490372e-02 1.517321705818176270e+00 6.047496572136878967e-04
2.767358124256134033e-01 1.526868436485528946e-03 1.570773482322692871e+00 4.920600913465023041e-04
2.436418086290359497e-03 4.471955471672117710e-04 8.791196160018444061e-03 1.961863279342651367e+00
-0.000000000000000000e+00 -0.000000000000000000e+00 6.517703086137771606e-02 6.517763435840606689e-02
2.650568187236785889e-01 1.265370170585811138e-03 1.668288588523864746e+00 5.906039150431752205e-04
3.985286127772269538e-07 4.421078756422502920e-07 3.303306996822357178e-01 3.303795754909515381e-01
-0.000000000000000000e+00 8.257133595179766417e-05 3.910171091556549072e-01 3.922192752361297607e-01
-0.000000000000000000e+00 2.896686783060431480e-04 3.639312088489532471e-01 3.689974248409271240e-01
2.831179881468415260e-04 1.204138738103210926e-03 1.242230162024497986e-01 1.796255409717559814e-01
2.015242207562550902e-04 8.422514656558632851e-04 1.989138126373291016e-01 2.146606445312500000e-01
1.547179635963402689e-05 1.431143573427107185e-05 8.367633223533630371e-01 3.600663244724273682e-01
2.054052705702247295e-09 -0.000000000000000000e+00 3.731615245342254639e-01 3.731648027896881104e-01
-0.000000000000000000e+00 -0.000000000000000000e+00 1.976273655891418457e-01 1.976223587989807129e-01
3.120478140772320330e-06 1.974980905652046204e-02 3.883936642523622140e-06 1.491053342819213867e+00
6.957061486900784075e-07 2.253019623458385468e-02 -0.000000000000000000e+00 1.612200856208801270e+00
2.161868661642074585e-01 1.138852443546056747e-03 1.498361945152282715e+00 5.678894231095910072e-04
-0.000000000000000000e+00 -0.000000000000000000e+00 6.483949720859527588e-02 6.485858559608459473e-02
3.755163634195923805e-04 1.904834411107003689e-03 3.618300259113311768e-01 4.942358732223510742e-01
4.337113932706415653e-04 1.803740626201033592e-03 6.326715648174285889e-02 1.020222678780555725e-01
6.595178092538844794e-08 -0.000000000000000000e+00 2.223125696182250977e-01 2.223859876394271851e-01
-0.000000000000000000e+00 1.063513045664876699e-04 6.991698592901229858e-02 7.131087034940719604e-02
4.296219907701015472e-03 4.187177401036024094e-04 1.558586605824530125e-03 2.376899003982543945e+00
-0.000000000000000000e+00 -0.000000000000000000e+00 5.731133371591567993e-02 5.731480568647384644e-02
-0.000000000000000000e+00 -0.000000000000000000e+00 2.562801539897918701e-01 2.562707662582397461e-01
-0.000000000000000000e+00 1.545386840007267892e-05 4.877409636974334717e-01 4.896608889102935791e-01
4.677095599703307016e-09 -0.000000000000000000e+00 1.814401149749755859e-01 1.814452409744262695e-01
4.347655177116394043e-01 7.863449305295944214e-02 1.858471274375915527e+00 6.599504267796874046e-04
-0.000000000000000000e+00 6.315553764579817653e-05 3.141137063503265381e-01 3.160296976566314697e-01
2.899537086486816406e-01 9.249000996351242065e-02 2.435413122177124023e+00 5.900010582990944386e-04
4.738684510812163353e-04 2.283455338329076767e-03 8.072848618030548096e-02 1.409314423799514771e-01
2.580258296802639961e-04 8.371379808522760868e-04 5.072668567299842834e-02 1.393707394599914551e-01
-0.000000000000000000e+00 -0.000000000000000000e+00 1.040597259998321533e-01 1.022952646017074585e-01
-0.000000000000000000e+00 -0.000000000000000000e+00 4.026411846280097961e-02 4.021393507719039917e-02
2.445200225338339806e-03 4.918265622109174728e-04 1.071045268326997757e-02 1.856537938117980957e+00
3.659138977527618408e-01 4.588587209582328796e-02 1.852069139480590820e+00 5.296287126839160919e-04
-0.000000000000000000e+00 -0.000000000000000000e+00 6.998113542795181274e-02 6.998037546873092651e-02
5.907616578042507172e-04 1.655711233615875244e-02 1.135542152042035013e-05 1.342291593551635742e+00
-0.000000000000000000e+00 6.202573121782961607e-09 6.410454213619232178e-02 6.410472840070724487e-02
2.105408115312457085e-03 4.243937728460878134e-04 1.141726505011320114e-02 1.780864119529724121e+00
5.706938477345602223e-09 1.886508282922250146e-09 2.275067269802093506e-01 2.275092750787734985e-01
4.091406241059303284e-03 4.269530181773006916e-04 1.804675906896591187e-03 2.348264455795288086e+00
6.161777855595573783e-05 6.651128642261028290e-03 1.283440828323364258e+00 1.344839227385818958e-03
-0.000000000000000000e+00 7.858639605728967581e-07 1.647188663482666016e-01 1.647291034460067749e-01
-0.000000000000000000e+00 4.349493829067796469e-04 4.827155470848083496e-01 4.891360104084014893e-01
4.411058723926544189e-01 1.639152467250823975e-01 2.455503940582275391e+00 1.010316773317754269e-03
-0.000000000000000000e+00 3.623625088948756456e-04 8.093485981225967407e-02 8.630090206861495972e-02
8.269331010524183512e-05 7.752109318971633911e-03 1.848832011222839355e+00 2.599841058254241943e-01
-0.000000000000000000e+00 8.351521100848913193e-04 1.423934847116470337e-01 1.560946851968765259e-01
-0.000000000000000000e+00 1.056028413586318493e-03 4.242520928382873535e-01 4.418486356735229492e-01
-0.000000000000000000e+00 -0.000000000000000000e+00 9.233369678258895874e-02 9.233380109071731567e-02
1.920780341606587172e-04 6.666054017841815948e-03 1.286940336227416992e+00 7.961812079884111881e-04
