-1.781044483184814453e+00 0.000000000000000000e+00 0.000000000000000000e+00 0.000000000000000000e+00 -1.781044483184814453e+00 0.000000000000000000e+00 0.000000000000000000e+00 0.000000000000000000e+00 4.784451797604560852e-03
-1.727148056030273438e+00 0.000000000000000000e+00 0.000000000000000000e+00 0.000000000000000000e+00 -1.727148056030273438e+00 0.000000000000000000e+00 0.000000000000000000e+00 0.000000000000000000e+00 2.807827666401863098e-03
-1.673933029174804688e+00 0.000000000000000000e+00 0.000000000000000000e+00 0.000000000000000000e+00 -1.673933029174804688e+00 0.000000000000000000e+00 0.000000000000000000e+00 0.000000000000000000e+00 1.267143525183200836e-03
-1.621499657630920410e+00 0.000000000000000000e+00 0.000000000000000000e+00 0.000000000000000000e+00 -1.621499657630920410e+00 0.000000000000000000e+00 0.000000000000000000e+00 0.000000000000000000e+00 1.182756386697292328e-04
-1.569938182830810547e+00 0.000000000000000000e+00 0.000000000000000000e+00 0.000000000000000000e+00 -1.569938182830810547e+00 0.000000000000000000e+00 0.000000000000000000e+00 0.000000000000000000e+00 -7.408345118165016174e-04
-1.519312977790832520e+00 0.000000000000000000e+00 0.000000000000000000e+00 0.000000000000000000e+00 -1.519312977790832520e+00 0.000000000000000000e+00 0.000000000000000000e+00 0.000000000000000000e+00 -1.325668767094612122e-03
-1.469680190086364746e+00 0.000000000000000000e+00 0.000000000000000000e+00 0.000000000000000000e+00 -1.469680190086364746e+00 0.000000000000000000e+00 0.000000000000000000e+00 0.000000000000000000e+00 -1.709395553916692734e-03
-1.421079397201538086e+00 0.000000000000000000e+00 0.000000000000000000e+00 0.000000000000000000e+00 -1.421079397201538086e+00 0.000000000000000000e+00 0.000000000000000000e+00 0.000000000000000000e+00 -1.939255278557538986e-03
-1.373534083366394043e+00 0.000000000000000000e+00 0.000000000000000000e+00 0.000000000000000000e+00 -1.373534083366394043e+00 0.000000000000000000e+00 0.000000000000000000e+00 0.000000000000000000e+00 -2.036855090409517288e-03
-1.327056765556335449e+00 0.000000000000000000e+00 0.000000000000000000e+00 0.000000000000000000e+00 -1.327056765556335449e+00 0.000000000000000000e+00 0.000000000000000000e+00 0.000000000000000000e+00 -2.059602411463856697e-03
-1.281648755073547363e+00 0.000000000000000000e+00 0.000000000000000000e+00 0.000000000000000000e+00 -1.281648755073547363e+00 0.000000000000000000e+00 0.000000000000000000e+00 0.000000000000000000e+00 -2.037912141531705856e-03
-1.237297296524047852e+00 0.000000000000000000e+00 0.000000000000000000e+00 0.000000000000000000e+00 -1.237297296524047852e+00 0.000000000000000000e+00 0.000000000000000000e+00 0.000000000000000000e+00 -1.977922162041068077e-03
-1.193983554840087891e+00 0.000000000000000000e+00 0.000000000000000000e+00 0.000000000000000000e+00 -1.193983554840087891e+00 0.000000000000000000e+00 0.000000000000000000e+00 0.000000000000000000e+00 -1.900566741824150085e-03
-1.151682615280151367e+00 0.000000000000000000e+00 0.000000000000000000e+00 0.000000000000000000e+00 -1.151682615280151367e+00 0.000000000000000000e+00 0.000000000000000000e+00 0.000000000000000000e+00 -1.823218539357185364e-03
-1.110364675521850586e+00 0.000000000000000000e+00 0.000000000000000000e+00 0.000000000000000000e+00 -1.110364675521850586e+00 0.000000000000000000e+00 0.000000000000000000e+00 0.000000000000000000e+00 -1.778915757313370705e-03
-1.069990038871765137e+00 0.000000000000000000e+00 0.000000000000000000e+00 0.000000000000000000e+00 -1.069990038871765137e+00 0.000000000000000000e+00 0.000000000000000000e+00 0.000000000000000000e+00 -1.755547011271119118e-03
-1.030521631240844727e+00 0.000000000000000000e+00 0.000000000000000000e+00 0.000000000000000000e+00 -1.030521631240844727e+00 0.000000000000000000e+00 0.000000000000000000e+00 0.000000000000000000e+00 -1.780043938197195530e-03
-9.919145703315734863e-01 0.000000000000000000e+00 0.000000000000000000e+00 0.000000000000000000e+00 -9.919145703315734863e-01 0.000000000000000000e+00 0.000000000000000000e+00 0.000000000000000000e+00 -1.814994961023330688e-03
-9.541237354278564453e-01 0.000000000000000000e+00 0.000000000000000000e+00 0.000000000000000000e+00 -9.541237354278564453e-01 0.000000000000000000e+00 0.000000000000000000e+00 0.000000000000000000e+00 -1.880249939858913422e-03
-9.171103835105895996e-01 0.000000000000000000e+00 0.000000000000000000e+00 0.000000000000000000e+00 -9.171103835105895996e-01 0.000000000000000000e+00 0.000000000000000000e+00 0.000000000000000000e+00 -1.996450591832399368e-03
-8.808254599571228027e-01 0.000000000000000000e+00 0.000000000000000000e+00 0.000000000000000000e+00 -8.808254599571228027e-01 0.000000000000000000e+00 0.000000000000000000e+00 0.000000000000000000e+00 -2.119634766131639481e-03
-8.452278971672058105e-01 0.000000000000000000e+00 0.000000000000000000e+00 0.000000000000000000e+00 -8.452278971672058105e-01 0.000000000000000000e+00 0.000000000000000000e+00 0.000000000000000000e+00 -2.266887575387954712e-03
-8.102777004241943359e-01 0.000000000000000000e+00 0.000000000000000000e+00 0.000000000000000000e+00 -8.102777004241943359e-01 0.000000000000000000e+00 0.000000000000000000e+00 0.000000000000000000e+00 -2.435243222862482071e-03
-7.759333848953247070e-01 0.000000000000000000e+00 0.000000000000000000e+00 0.000000000000000000e+00 -7.759333848953247070e-01 0.000000000000000000e+00 0.000000000000000000e+00 0.000000000000000000e+00 -2.618411555886268616e-03
-7.421540021896362305e-01 0.000000000000000000e+00 0.000000000000000000e+00 0.000000000000000000e+00 -7.421540021896362305e-01 0.000000000000000000e+00 0.000000000000000000e+00 0.000000000000000000e+00 -2.790519734844565392e-03
-7.089098691940307617e-01 0.000000000000000000e+00 0.000000000000000000e+00 0.000000000000000000e+00 -7.089098691940307617e-01 0.000000000000000000e+00 0.000000000000000000e+00 0.000000000000000000e+00 -2.970355562865734100e-03
-6.761645078659057617e-01 0.000000000000000000e+00 0.000000000000000000e+00 0.000000000000000000e+00 -6.761645078659057617e-01 0.000000000000000000e+00 0.000000000000000000e+00 0.000000000000000000e+00 -3.151245415210723877e-03
-6.438847184181213379e-01 0.000000000000000000e+00 0.000000000000000000e+00 0.000000000000000000e+00 -6.438847184181213379e-01 0.000000000000000000e+00 0.000000000000000000e+00 0.000000000000000000e+00 -3.308100625872612000e-03
-6.120468974113464355e-01 0.000000000000000000e+00 0.000000000000000000e+00 0.000000000000000000e+00 -6.120468974113464355e-01 0.000000000000000000e+00 0.000000000000000000e+00 0.000000000000000000e+00 -3.460078733041882515e-03
-5.806207656860351562e-01 0.000000000000000000e+00 0.000000000000000000e+00 0.000000000000000000e+00 -5.806207656860351562e-01 0.000000000000000000e+00 0.000000000000000000e+00 0.000000000000000000e+00 -3.582007018849253654e-03
-5.495811700820922852e-01 0.000000000000000000e+00 0.000000000000000000e+00 0.000000000000000000e+00 -5.495811700820922852e-01 0.000000000000000000e+00 0.000000000000000000e+00 0.000000000000000000e+00 -3.671215381473302841e-03
-5.189129114151000977e-01 0.000000000000000000e+00 0.000000000000000000e+00 0.000000000000000000e+00 -5.189129114151000977e-01 0.000000000000000000e+00 0.000000000000000000e+00 0.000000000000000000e+00 -3.749665571376681328e-03
-4.885894954204559326e-01 0.000000000000000000e+00 0.000000000000000000e+00 0.000000000000000000e+00 -4.885894954204559326e-01 0.000000000000000000e+00 0.000000000000000000e+00 0.000000000000000000e+00 -3.792361589148640633e-03
-4.585948288440704346e-01 0.000000000000000000e+00 0.000000000000000000e+00 0.000000000000000000e+00 -4.585948288440704346e-01 0.000000000000000000e+00 0.000000000000000000e+00 0.000000000000000000e+00 -3.800004953518509865e-03
-4.289159476757049561e-01 0.000000000000000000e+00 0.000000000000000000e+00 0.000000000000000000e+00 -4.289159476757049561e-01 0.000000000000000000e+00 0.000000000000000000e+00 0.000000000000000000e+00 -3.794926451519131660e-03
-3.995315432548522949e-01 0.000000000000000000e+00 0.000000000000000000e+00 0.000000000000000000e+00 -3.995315432548522949e-01 0.000000000000000000e+00 0.000000000000000000e+00 0.000000000000000000e+00 -3.734608180820941925e-03
-3.704355657100677490e-01 0.000000000000000000e+00 0.000000000000000000e+00 0.000000000000000000e+00 -3.704355657100677490e-01 0.000000000000000000e+00 0.000000000000000000e+00 0.000000000000000000e+00 -3.664348740130662918e-03
-3.416095674037933350e-01 0.000000000000000000e+00 0.000000000000000000e+00 0.000000000000000000e+00 -3.416095674037933350e-01 0.000000000000000000e+00 0.000000000000000000e+00 0.000000000000000000e+00 -3.542535938322544098e-03
-3.130491971969604492e-01 0.000000000000000000e+00 0.000000000000000000e+00 0.000000000000000000e+00 -3.130491971969604492e-01 0.000000000000000000e+00 0.000000000000000000e+00 0.000000000000000000e+00 -3.415950341150164604e-03
-2.847371399402618408e-01 0.000000000000000000e+00 0.000000000000000000e+00 0.000000000000000000e+00 -2.847371399402618408e-01 0.000000000000000000e+00 0.000000000000000000e+00 0.000000000000000000e+00 -3.242440521717071533e-03
-2.566715776920318604e-01 0.000000000000000000e+00 0.000000000000000000e+00 0.000000000000000000e+00 -2.566715776920318604e-01 0.000000000000000000e+00 0.000000000000000000e+00 0.000000000000000000e+00 -3.069904167205095291e-03
-2.288374602794647217e-01 0.000000000000000000e+00 0.000000000000000000e+00 0.000000000000000000e+00 -2.288374602794647217e-01 0.000000000000000000e+00 0.000000000000000000e+00 0.000000000000000000e+00 -2.858024323359131813e-03
-2.012282907962799072e-01 0.000000000000000000e+00 0.000000000000000000e+00 0.000000000000000000e+00 -2.012282907962799072e-01 0.000000000000000000e+00 0.000000000000000000e+00 0.000000000000000000e+00 -2.630175091326236725e-03
-1.738390028476715088e-01 0.000000000000000000e+00 0.000000000000000000e+00 0.000000000000000000e+00 -1.738390028476715088e-01 0.000000000000000000e+00 0.000000000000000000e+00 0.000000000000000000e+00 -2.393052680417895317e-03
-1.466580778360366821e-01 0.000000000000000000e+00 0.000000000000000000e+00 0.000000000000000000e+00 -1.466580778360366821e-01 0.000000000000000000e+00 0.000000000000000000e+00 0.000000000000000000e+00 -2.126426901668310165e-03
-1.196813732385635376e-01 0.000000000000000000e+00 0.000000000000000000e+00 0.000000000000000000e+00 -1.196813732385635376e-01 0.000000000000000000e+00 0.000000000000000000e+00 0.000000000000000000e+00 -1.856934046372771263e-03
-9.290400147438049316e-02 0.000000000000000000e+00 0.000000000000000000e+00 0.000000000000000000e+00 -9.290400147438049316e-02 0.000000000000000000e+00 0.000000000000000000e+00 0.000000000000000000e+00 -1.589048537425696850e-03
-6.631325930356979370e-02 0.000000000000000000e+00 0.000000000000000000e+00 0.000000000000000000e+00 -6.631325930356979370e-02 0.000000000000000000e+00 0.000000000000000000e+00 0.000000000000000000e+00 -1.301745418459177017e-03
-3.990478813648223877e-02 0.000000000000000000e+00 0.000000000000000000e+00 0.000000000000000000e+00 -3.990478813648223877e-02 0.000000000000000000e+00 0.000000000000000000e+00 0.000000000000000000e+00 -1.000595162622630596e-03
-1.367914956063032150e-02 0.000000000000000000e+00 0.000000000000000000e+00 0.000000000000000000e+00 -1.367914956063032150e-02 0.000000000000000000e+00 0.000000000000000000e+00 0.000000000000000000e+00 -7.350470987148582935e-04
1.238346379250288010e-02 0.000000000000000000e+00 0.000000000000000000e+00 0.000000000000000000e+00 1.238346379250288010e-02 0.000000000000000000e+00 0.000000000000000000e+00 0.000000000000000000e+00 -4.398796882014721632e-04
3.827745467424392700e-02 0.000000000000000000e+00 0.000000000000000000e+00 0.000000000000000000e+00 3.827745467424392700e-02 0.000000000000000000e+00 0.000000000000000000e+00 0.000000000000000000e+00 -1.605062861926853657e-04
6.401426345109939575e-02 0.000000000000000000e+00 0.000000000000000000e+00 0.000000000000000000e+00 6.401426345109939575e-02 0.000000000000000000e+00 0.000000000000000000e+00 0.000000000000000000e+00 1.114155966206453741e-04
8.960351347923278809e-02 0.000000000000000000e+00 0.000000000000000000e+00 0.000000000000000000e+00 8.960351347923278809e-02 0.000000000000000000e+00 0.000000000000000000e+00 0.000000000000000000e+00 3.807644534390419722e-04
1.150476932525634766e-01 0.000000000000000000e+00 0.000000000000000000e+00 0.000000000000000000e+00 1.150476932525634766e-01 0.000000000000000000e+00 0.000000000000000000e+00 0.000000000000000000e+00 6.360806873999536037e-04
1.403827518224716187e-01 0.000000000000000000e+00 0.000000000000000000e+00 0.000000000000000000e+00 1.403827518224716187e-01 0.000000000000000000e+00 0.000000000000000000e+00 0.000000000000000000e+00 8.899812819436192513e-04
1.655623912811279297e-01 0.000000000000000000e+00 0.000000000000000000e+00 0.000000000000000000e+00 1.655623912811279297e-01 0.000000000000000000e+00 0.000000000000000000e+00 0.000000000000000000e+00 1.125150592997670174e-03
1.906192153692245483e-01 0.000000000000000000e+00 0.000000000000000000e+00 0.000000000000000000e+00 1.906192153692245483e-01 0.000000000000000000e+00 0.000000000000000000e+00 0.000000000000000000e+00 1.346207689493894577e-03
2.155612558126449585e-01 0.000000000000000000e+00 0.000000000000000000e+00 0.000000000000000000e+00 2.155612558126449585e-01 0.000000000000000000e+00 0.000000000000000000e+00 0.000000000000000000e+00 1.555262133479118347e-03
2.403946518898010254e-01 0.000000000000000000e+00 0.000000000000000000e+00 0.000000000000000000e+00 2.403946518898010254e-01 0.000000000000000000e+00 0.000000000000000000e+00 0.000000000000000000e+00 1.747504924423992634e-03
2.651271820068359375e-01 0.000000000000000000e+00 0.000000000000000000e+00 0.000000000000000000e+00 2.651271820068359375e-01 0.000000000000000000e+00 0.000000000000000000e+00 0.000000000000000000e+00 1.927064033225178719e-03
2.897659242153167725e-01 0.000000000000000000e+00 0.000000000000000000e+00 0.000000000000000000e+00 2.897659242153167725e-01 0.000000000000000000e+00 0.000000000000000000e+00 0.000000000000000000e+00 2.092580543830990791e-03
3.143175840377807617e-01 0.000000000000000000e+00 0.000000000000000000e+00 0.000000000000000000e+00 3.143175840377807617e-01 0.000000000000000000e+00 0.000000000000000000e+00 0.000000000000000000e+00 2.240545349195599556e-03
3.387890756130218506e-01 0.000000000000000000e+00 0.000000000000000000e+00 0.000000000000000000e+00 3.387890756130218506e-01 0.000000000000000000e+00 0.000000000000000000e+00 0.000000000000000000e+00 2.374839270487427711e-03
3.631885647773742676e-01 0.000000000000000000e+00 0.000000000000000000e+00 0.000000000000000000e+00 3.631885647773742676e-01 0.000000000000000000e+00 0.000000000000000000e+00 0.000000000000000000e+00 2.495405031368136406e-03
3.875473737716674805e-01 0.000000000000000000e+00 0.000000000000000000e+00 0.000000000000000000e+00 3.875473737716674805e-01 0.000000000000000000e+00 0.000000000000000000e+00 0.000000000000000000e+00 2.606367226690053940e-03
4.118221402168273926e-01 0.000000000000000000e+00 0.000000000000000000e+00 0.000000000000000000e+00 4.118221402168273926e-01 0.000000000000000000e+00 0.000000000000000000e+00 0.000000000000000000e+00 2.694169292226433754e-03
4.360456764698028564e-01 0.000000000000000000e+00 0.000000000000000000e+00 0.000000000000000000e+00 4.360456764698028564e-01 0.000000000000000000e+00 0.000000000000000000e+00 0.000000000000000000e+00 2.768891863524913788e-03
4.602248668670654297e-01 0.000000000000000000e+00 0.000000000000000000e+00 0.000000000000000000e+00 4.602248668670654297e-01 0.000000000000000000e+00 0.000000000000000000e+00 0.000000000000000000e+00 2.829752629622817039e-03
4.843655824661254883e-01 0.000000000000000000e+00 0.000000000000000000e+00 0.000000000000000000e+00 4.843655824661254883e-01 0.000000000000000000e+00 0.000000000000000000e+00 0.000000000000000000e+00 2.873702440410852432e-03
5.084756612777709961e-01 0.000000000000000000e+00 0.000000000000000000e+00 0.000000000000000000e+00 5.084756612777709961e-01 0.000000000000000000e+00 0.000000000000000000e+00 0.000000000000000000e+00 2.905440982431173325e-03
5.325607657432556152e-01 0.000000000000000000e+00 0.000000000000000000e+00 0.000000000000000000e+00 5.325607657432556152e-01 0.000000000000000000e+00 0.000000000000000000e+00 0.000000000000000000e+00 2.921915147453546524e-03
5.566281080245971680e-01 0.000000000000000000e+00 0.000000000000000000e+00 0.000000000000000000e+00 5.566281080245971680e-01 0.000000000000000000e+00 0.000000000000000000e+00 0.000000000000000000e+00 2.927226247265934944e-03
5.806836485862731934e-01 0.000000000000000000e+00 0.000000000000000000e+00 0.000000000000000000e+00 5.806836485862731934e-01 0.000000000000000000e+00 0.000000000000000000e+00 0.000000000000000000e+00 2.916646888479590416e-03
6.047338843345642090e-01 0.000000000000000000e+00 0.000000000000000000e+00 0.000000000000000000e+00 6.047338843345642090e-01 0.000000000000000000e+00 0.000000000000000000e+00 0.000000000000000000e+00 2.891652751713991165e-03
6.288096308708190918e-01 0.000000000000000000e+00 0.000000000000000000e+00 0.000000000000000000e+00 6.288096308708190918e-01 0.000000000000000000e+00 0.000000000000000000e+00 0.000000000000000000e+00 2.861020155251026154e-03
6.528670191764831543e-01 0.000000000000000000e+00 0.000000000000000000e+00 0.000000000000000000e+00 6.528670191764831543e-01 0.000000000000000000e+00 0.000000000000000000e+00 0.000000000000000000e+00 2.809708705171942711e-03
6.769368052482604980e-01 0.000000000000000000e+00 0.000000000000000000e+00 0.000000000000000000e+00 6.769368052482604980e-01 0.000000000000000000e+00 0.000000000000000000e+00 0.000000000000000000e+00 2.743866527453064919e-03
7.010240554809570312e-01 0.000000000000000000e+00 0.000000000000000000e+00 0.000000000000000000e+00 7.010240554809570312e-01 0.000000000000000000e+00 0.000000000000000000e+00 0.000000000000000000e+00 2.662578132003545761e-03
7.251343131065368652e-01 0.000000000000000000e+00 0.000000000000000000e+00 0.000000000000000000e+00 7.251343131065368652e-01 0.000000000000000000e+00 0.000000000000000000e+00 0.000000000000000000e+00 2.563735703006386757e-03
7.492735385894775391e-01 0.000000000000000000e+00 0.000000000000000000e+00 0.000000000000000000e+00 7.492735385894775391e-01 0.000000000000000000e+00 0.000000000000000000e+00 0.000000000000000000e+00 2.450596541166305542e-03
7.734456658363342285e-01 0.000000000000000000e+00 0.000000000000000000e+00 0.000000000000000000e+00 7.734456658363342285e-01 0.000000000000000000e+00 0.000000000000000000e+00 0.000000000000000000e+00 2.319977851584553719e-03
7.976562976837158203e-01 0.000000000000000000e+00 0.000000000000000000e+00 0.000000000000000000e+00 7.976562976837158203e-01 0.000000000000000000e+00 0.000000000000000000e+00 0.000000000000000000e+00 2.170961117371916771e-03
8.219089508056640625e-01 0.000000000000000000e+00 0.000000000000000000e+00 0.000000000000000000e+00 8.219089508056640625e-01 0.000000000000000000e+00 0.000000000000000000e+00 0.000000000000000000e+00 2.001195913180708885e-03
8.462094068527221680e-01 0.000000000000000000e+00 0.000000000000000000e+00 0.000000000000000000e+00 8.462094068527221680e-01 0.000000000000000000e+00 0.000000000000000000e+00 0.000000000000000000e+00 1.812626025639474392e-03
8.705862164497375488e-01 0.000000000000000000e+00 0.000000000000000000e+00 0.000000000000000000e+00 8.705862164497375488e-01 0.000000000000000000e+00 0.000000000000000000e+00 0.000000000000000000e+00 1.607721671462059021e-03
8.949924111366271973e-01 0.000000000000000000e+00 0.000000000000000000e+00 0.000000000000000000e+00 8.949924111366271973e-01 0.000000000000000000e+00 0.000000000000000000e+00 0.000000000000000000e+00 1.370197162032127380e-03
9.194575548171997070e-01 0.000000000000000000e+00 0.000000000000000000e+00 0.000000000000000000e+00 9.194575548171997070e-01 0.000000000000000000e+00 0.000000000000000000e+00 0.000000000000000000e+00 1.106693642213940620e-03
9.439851641654968262e-01 0.000000000000000000e+00 0.000000000000000000e+00 0.000000000000000000e+00 9.439851641654968262e-01 0.000000000000000000e+00 0.000000000000000000e+00 0.000000000000000000e+00 8.143809391185641289e-04
9.685778617858886719e-01 0.000000000000000000e+00 0.000000000000000000e+00 0.000000000000000000e+00 9.685778617858886719e-01 0.000000000000000000e+00 0.000000000000000000e+00 0.000000000000000000e+00 4.903108929283916950e-04
9.932401776313781738e-01 0.000000000000000000e+00 0.000000000000000000e+00 0.000000000000000000e+00 9.932401776313781738e-01 0.000000000000000000e+00 0.000000000000000000e+00 0.000000000000000000e+00 1.349939848296344280e-04
1.017973065376281738e+00 0.000000000000000000e+00 0.000000000000000000e+00 0.000000000000000000e+00 1.017973065376281738e+00 0.000000000000000000e+00 0.000000000000000000e+00 0.000000000000000000e+00 -2.582201850600540638e-04
1.042780637741088867e+00 0.000000000000000000e+00 0.000000000000000000e+00 0.000000000000000000e+00 1.042780637741088867e+00 0.000000000000000000e+00 0.000000000000000000e+00 0.000000000000000000e+00 -6.892980309203267097e-04
1.067663788795471191e+00 0.000000000000000000e+00 0.000000000000000000e+00 0.000000000000000000e+00 1.067663788795471191e+00 0.000000000000000000e+00 0.000000000000000000e+00 0.000000000000000000e+00 -1.162024564109742641e-03
1.092626214027404785e+00 0.000000000000000000e+00 0.000000000000000000e+00 0.000000000000000000e+00 1.092626214027404785e+00 0.000000000000000000e+00 0.000000000000000000e+00 0.000000000000000000e+00 -1.679826760664582253e-03
1.117695450782775879e+00 0.000000000000000000e+00 0.000000000000000000e+00 0.000000000000000000e+00 1.117695450782775879e+00 0.000000000000000000e+00 0.000000000000000000e+00 0.000000000000000000e+00 -2.237348817288875580e-03
1.142821192741394043e+00 0.000000000000000000e+00 0.000000000000000000e+00 0.000000000000000000e+00 1.142821192741394043e+00 0.000000000000000000e+00 0.000000000000000000e+00 0.000000000000000000e+00 -2.855229889973998070e-03
1.168031334877014160e+00 0.000000000000000000e+00 0.000000000000000000e+00 0.000000000000000000e+00 1.168031334877014160e+00 0.000000000000000000e+00 0.000000000000000000e+00 0.000000000000000000e+00 -3.526084823533892632e-03
1.193327903747558594e+00 0.000000000000000000e+00 0.000000000000000000e+00 0.000000000000000000e+00 1.193327903747558594e+00 0.000000000000000000e+00 0.000000000000000000e+00 0.000000000000000000e+00 -4.252866376191377640e-03
1.218710780143737793e+00 0.000000000000000000e+00 0.000000000000000000e+00 0.000000000000000000e+00 1.218710780143737793e+00 0.000000000000000000e+00 0.000000000000000000e+00 0.000000000000000000e+00 -5.043302197009325027e-03
