-5.961656570434570312e-04 -5.005261898040771484e-01 0.000000000000000000e+00 -5.008242726325988770e-01 -5.961656570434570312e-04 0.000000000000000000e+00 0.000000000000000000e+00 0.000000000000000000e+00 3.786015510559082031e-02
-5.511045455932617188e-04 -4.902719259262084961e-01 0.000000000000000000e+00 -4.905417859554290771e-01 -5.509853363037109375e-04 0.000000000000000000e+00 0.000000000000000000e+00 0.000000000000000000e+00 3.635108470916748047e-02
-5.066990852355957031e-04 -4.800240397453308105e-01 0.000000000000000000e+00 -4.802672266960144043e-01 -5.067586898803710938e-04 0.000000000000000000e+00 0.000000000000000000e+00 0.000000000000000000e+00 3.487408161163330078e-02
-4.690885543823242188e-04 -4.697827696800231934e-01 0.000000000000000000e+00 -4.700029790401458740e-01 -4.689693450927734375e-04 0.000000000000000000e+00 0.000000000000000000e+00 0.000000000000000000e+00 3.342330455780029297e-02
-4.349946975708007812e-04 -4.595479965209960938e-01 0.000000000000000000e+00 -4.597479104995727539e-01 -4.348754882812500000e-04 0.000000000000000000e+00 0.000000000000000000e+00 0.000000000000000000e+00 3.200149536132812500e-02
-4.051923751831054688e-04 -4.493199586868286133e-01 0.000000000000000000e+00 -4.495021104812622070e-01 -4.051923751831054688e-04 0.000000000000000000e+00 0.000000000000000000e+00 0.000000000000000000e+00 3.060817718505859375e-02
-3.786087036132812500e-04 -4.390984773635864258e-01 0.000000000000000000e+00 -4.392648935317993164e-01 -3.787279129028320312e-04 0.000000000000000000e+00 0.000000000000000000e+00 0.000000000000000000e+00 2.924430370330810547e-02
-3.546476364135742188e-04 -4.288837313652038574e-01 0.000000000000000000e+00 -4.290360212326049805e-01 -3.546476364135742188e-04 0.000000000000000000e+00 0.000000000000000000e+00 0.000000000000000000e+00 2.791047096252441406e-02
-3.342628479003906250e-04 -4.186756312847137451e-01 0.000000000000000000e+00 -4.188156723976135254e-01 -3.341436386108398438e-04 0.000000000000000000e+00 0.000000000000000000e+00 0.000000000000000000e+00 2.660560607910156250e-02
-3.186464309692382812e-04 -4.084743261337280273e-01 0.000000000000000000e+00 -4.086046516895294189e-01 -3.185272216796875000e-04 0.000000000000000000e+00 0.000000000000000000e+00 0.000000000000000000e+00 2.532839775085449219e-02
-3.043413162231445312e-04 -3.982797265052795410e-01 0.000000000000000000e+00 -3.984011113643646240e-01 -3.043413162231445312e-04 0.000000000000000000e+00 0.000000000000000000e+00 0.000000000000000000e+00 2.408230304718017578e-02
-2.933740615844726562e-04 -3.880918025970458984e-01 0.000000000000000000e+00 -3.882059454917907715e-01 -2.934932708740234375e-04 0.000000000000000000e+00 0.000000000000000000e+00 0.000000000000000000e+00 2.286517620086669922e-02
-2.855062484741210938e-04 -3.779106140136718750e-01 0.000000000000000000e+00 -3.780187666416168213e-01 -2.855062484741210938e-04 0.000000000000000000e+00 0.000000000000000000e+00 0.000000000000000000e+00 2.167725563049316406e-02
-2.799034118652343750e-04 -3.677361607551574707e-01 0.000000000000000000e+00 -3.678393363952636719e-01 -2.799034118652343750e-04 0.000000000000000000e+00 0.000000000000000000e+00 0.000000000000000000e+00 2.051949501037597656e-02
-2.772808074951171875e-04 -3.575682938098907471e-01 0.000000000000000000e+00 -3.576677441596984863e-01 -2.772808074951171875e-04 0.000000000000000000e+00 0.000000000000000000e+00 0.000000000000000000e+00 1.939094066619873047e-02
-2.756118774414062500e-04 -3.474070727825164795e-01 0.000000000000000000e+00 -3.475030660629272461e-01 -2.754926681518554688e-04 0.000000000000000000e+00 0.000000000000000000e+00 0.000000000000000000e+00 1.829349994659423828e-02
-2.775192260742187500e-04 -3.372523784637451172e-01 0.000000000000000000e+00 -3.373463451862335205e-01 -2.776384353637695312e-04 0.000000000000000000e+00 0.000000000000000000e+00 0.000000000000000000e+00 1.722455024719238281e-02
-2.820491790771484375e-04 -3.271043300628662109e-01 0.000000000000000000e+00 -3.271968960762023926e-01 -2.819299697875976562e-04 0.000000000000000000e+00 0.000000000000000000e+00 0.000000000000000000e+00 1.618516445159912109e-02
-2.858638763427734375e-04 -3.169626593589782715e-01 0.000000000000000000e+00 -3.170536160469055176e-01 -2.858638763427734375e-04 0.000000000000000000e+00 0.000000000000000000e+00 0.000000000000000000e+00 1.517832279205322266e-02
-2.937316894531250000e-04 -3.068274557590484619e-01 0.000000000000000000e+00 -3.069179654121398926e-01 -2.937316894531250000e-04 0.000000000000000000e+00 0.000000000000000000e+00 0.000000000000000000e+00 1.419949531555175781e-02
-3.019571304321289062e-04 -2.966985106468200684e-01 0.000000000000000000e+00 -2.967885136604309082e-01 -3.020763397216796875e-04 0.000000000000000000e+00 0.000000000000000000e+00 0.000000000000000000e+00 1.325201988220214844e-02
-3.113746643066406250e-04 -2.865757346153259277e-01 0.000000000000000000e+00 -2.866654098033905029e-01 -3.114938735961914062e-04 0.000000000000000000e+00 0.000000000000000000e+00 0.000000000000000000e+00 1.233541965484619141e-02
-3.227591514587402344e-04 -2.764591574668884277e-01 0.000000000000000000e+00 -2.765488028526306152e-01 -3.226995468139648438e-04 0.000000000000000000e+00 0.000000000000000000e+00 0.000000000000000000e+00 1.144874095916748047e-02
-3.349781036376953125e-04 -2.663485407829284668e-01 0.000000000000000000e+00 -2.664381861686706543e-01 -3.348588943481445312e-04 0.000000000000000000e+00 0.000000000000000000e+00 0.000000000000000000e+00 1.059281826019287109e-02
-3.479719161987304688e-04 -2.562437951564788818e-01 0.000000000000000000e+00 -2.563334703445434570e-01 -3.479719161987304688e-04 0.000000000000000000e+00 0.000000000000000000e+00 0.000000000000000000e+00 9.767651557922363281e-03
-3.616809844970703125e-04 -2.461448162794113159e-01 0.000000000000000000e+00 -2.462342977523803711e-01 -3.615617752075195312e-04 0.000000000000000000e+00 0.000000000000000000e+00 0.000000000000000000e+00 8.973598480224609375e-03
-3.768205642700195312e-04 -2.360514402389526367e-01 0.000000000000000000e+00 -2.361408770084381104e-01 -3.768205642700195312e-04 0.000000000000000000e+00 0.000000000000000000e+00 0.000000000000000000e+00 8.209586143493652344e-03
-3.920793533325195312e-04 -2.259635478258132935e-01 0.000000000000000000e+00 -2.260526418685913086e-01 -3.920793533325195312e-04 0.000000000000000000e+00 0.000000000000000000e+00 0.000000000000000000e+00 7.477164268493652344e-03
-4.079341888427734375e-04 -2.158809751272201538e-01 0.000000000000000000e+00 -2.159695327281951904e-01 -4.078149795532226562e-04 0.000000000000000000e+00 0.000000000000000000e+00 0.000000000000000000e+00 6.775617599487304688e-03
-4.215240478515625000e-04 -2.058035135269165039e-01 0.000000000000000000e+00 -2.058908045291900635e-01 -4.215240478515625000e-04 0.000000000000000000e+00 0.000000000000000000e+00 0.000000000000000000e+00 6.107687950134277344e-03
-4.383325576782226562e-04 -1.957310140132904053e-01 0.000000000000000000e+00 -1.958173662424087524e-01 -4.383325576782226562e-04 0.000000000000000000e+00 0.000000000000000000e+00 0.000000000000000000e+00 5.468130111694335938e-03
-4.546642303466796875e-04 -1.856633126735687256e-01 0.000000000000000000e+00 -1.857482492923736572e-01 -4.545450210571289062e-04 0.000000000000000000e+00 0.000000000000000000e+00 0.000000000000000000e+00 4.860401153564453125e-03
-4.701614379882812500e-04 -1.756002008914947510e-01 0.000000000000000000e+00 -1.756833195686340332e-01 -4.701614379882812500e-04 0.000000000000000000e+00 0.000000000000000000e+00 0.000000000000000000e+00 4.284858703613281250e-03
-4.851818084716796875e-04 -1.655414998531341553e-01 0.000000000000000000e+00 -1.656223237514495850e-01 -4.850625991821289062e-04 0.000000000000000000e+00 0.000000000000000000e+00 0.000000000000000000e+00 3.741145133972167969e-03
-5.005598068237304688e-04 -1.554869115352630615e-01 0.000000000000000000e+00 -1.555652916431427002e-01 -5.006790161132812500e-04 0.000000000000000000e+00 0.000000000000000000e+00 0.000000000000000000e+00 3.228187561035156250e-03
-5.148649215698242188e-04 -1.454363763332366943e-01 0.000000000000000000e+00 -1.455117762088775635e-01 -5.148649215698242188e-04 0.000000000000000000e+00 0.000000000000000000e+00 0.000000000000000000e+00 2.747774124145507812e-03
-5.295276641845703125e-04 -1.353895515203475952e-01 0.000000000000000000e+00 -1.354617476463317871e-01 -5.294084548950195312e-04 0.000000000000000000e+00 0.000000000000000000e+00 0.000000000000000000e+00 2.298235893249511719e-03
-5.429983139038085938e-04 -1.253462284803390503e-01 0.000000000000000000e+00 -1.254148036241531372e-01 -5.429983139038085938e-04 0.000000000000000000e+00 0.000000000000000000e+00 0.000000000000000000e+00 1.880884170532226562e-03
-5.553960800170898438e-04 -1.153062433004379272e-01 0.000000000000000000e+00 -1.153707504272460938e-01 -5.553960800170898438e-04 0.000000000000000000e+00 0.000000000000000000e+00 0.000000000000000000e+00 1.495957374572753906e-03
-5.668401718139648438e-04 -1.052692458033561707e-01 0.000000000000000000e+00 -1.053293794393539429e-01 -5.669593811035156250e-04 0.000000000000000000e+00 0.000000000000000000e+00 0.000000000000000000e+00 1.142978668212890625e-03
-5.779266357421875000e-04 -9.523467719554901123e-02 0.000000000000000000e+00 -9.529013931751251221e-02 -5.779266357421875000e-04 0.000000000000000000e+00 0.000000000000000000e+00 0.000000000000000000e+00 8.215904235839843750e-04
-5.890130996704101562e-04 -8.520305156707763672e-02 0.000000000000000000e+00 -8.525364100933074951e-02 -5.891323089599609375e-04 0.000000000000000000e+00 0.000000000000000000e+00 0.000000000000000000e+00 5.311965942382812500e-04
-5.983114242553710938e-04 -7.517373561859130859e-02 0.000000000000000000e+00 -7.521904259920120239e-02 -5.981922149658203125e-04 0.000000000000000000e+00 0.000000000000000000e+00 0.000000000000000000e+00 2.738237380981445312e-04
-6.080865859985351562e-04 -6.514643132686614990e-02 0.000000000000000000e+00 -6.518636643886566162e-02 -6.082057952880859375e-04 0.000000000000000000e+00 0.000000000000000000e+00 0.000000000000000000e+00 4.673004150390625000e-05
-6.126165390014648438e-04 -5.512090772390365601e-02 0.000000000000000000e+00 -5.515494197607040405e-02 -6.126165390014648438e-04 0.000000000000000000e+00 0.000000000000000000e+00 0.000000000000000000e+00 -1.436471939086914062e-04
-6.188154220581054688e-04 -4.509678483009338379e-02 0.000000000000000000e+00 -4.512491449713706970e-02 -6.188154220581054688e-04 0.000000000000000000e+00 0.000000000000000000e+00 0.000000000000000000e+00 -3.049373626708984375e-04
-6.247758865356445312e-04 -3.507399559020996094e-02 0.000000000000000000e+00 -3.509607911109924316e-02 -6.246566772460937500e-04 0.000000000000000000e+00 0.000000000000000000e+00 0.000000000000000000e+00 -4.348754882812500000e-04
-6.282329559326171875e-04 -2.505216374993324280e-02 0.000000000000000000e+00 -2.506802603602409363e-02 -6.281137466430664062e-04 0.000000000000000000e+00 0.000000000000000000e+00 0.000000000000000000e+00 -5.311965942382812500e-04
-6.307363510131835938e-04 -1.503102108836174011e-02 0.000000000000000000e+00 -1.504057925194501877e-02 -6.307363510131835938e-04 0.000000000000000000e+00 0.000000000000000000e+00 0.000000000000000000e+00 -5.958080291748046875e-04
-6.313323974609375000e-04 -5.010304506868124008e-03 0.000000000000000000e+00 -5.013493355363607407e-03 -6.313323974609375000e-04 0.000000000000000000e+00 0.000000000000000000e+00 0.000000000000000000e+00 -6.273984909057617188e-04
-6.313323974609375000e-04 5.010304506868124008e-03 0.000000000000000000e+00 5.013493355363607407e-03 -6.313323974609375000e-04 0.000000000000000000e+00 0.000000000000000000e+00 0.000000000000000000e+00 -6.273984909057617188e-04
-6.307363510131835938e-04 1.503102108836174011e-02 0.000000000000000000e+00 1.504057925194501877e-02 -6.307363510131835938e-04 0.000000000000000000e+00 0.000000000000000000e+00 0.000000000000000000e+00 -5.958080291748046875e-04
-6.282329559326171875e-04 2.505216374993324280e-02 0.000000000000000000e+00 2.506802603602409363e-02 -6.281137466430664062e-04 0.000000000000000000e+00 0.000000000000000000e+00 0.000000000000000000e+00 -5.311965942382812500e-04
-6.247758865356445312e-04 3.507399559020996094e-02 0.000000000000000000e+00 3.509607911109924316e-02 -6.246566772460937500e-04 0.000000000000000000e+00 0.000000000000000000e+00 0.000000000000000000e+00 -4.348754882812500000e-04
-6.188154220581054688e-04 4.509678483009338379e-02 0.000000000000000000e+00 4.512491449713706970e-02 -6.188154220581054688e-04 0.000000000000000000e+00 0.000000000000000000e+00 0.000000000000000000e+00 -3.049373626708984375e-04
-6.126165390014648438e-04 5.512090772390365601e-02 0.000000000000000000e+00 5.515494197607040405e-02 -6.126165390014648438e-04 0.000000000000000000e+00 0.000000000000000000e+00 0.000000000000000000e+00 -1.436471939086914062e-04
-6.080865859985351562e-04 6.514643132686614990e-02 0.000000000000000000e+00 6.518636643886566162e-02 -6.082057952880859375e-04 0.000000000000000000e+00 0.000000000000000000e+00 0.000000000000000000e+00 4.673004150390625000e-05
-5.983114242553710938e-04 7.517373561859130859e-02 0.000000000000000000e+00 7.521904259920120239e-02 -5.981922149658203125e-04 0.000000000000000000e+00 0.000000000000000000e+00 0.000000000000000000e+00 2.738237380981445312e-04
-5.890130996704101562e-04 8.520305156707763672e-02 0.000000000000000000e+00 8.525364100933074951e-02 -5.891323089599609375e-04 0.000000000000000000e+00 0.000000000000000000e+00 0.000000000000000000e+00 5.311965942382812500e-04
-5.779266357421875000e-04 9.523467719554901123e-02 0.000000000000000000e+00 9.529013931751251221e-02 -5.779266357421875000e-04 0.000000000000000000e+00 0.000000000000000000e+00 0.000000000000000000e+00 8.215904235839843750e-04
-5.668401718139648438e-04 1.052692458033561707e-01 0.000000000000000000e+00 1.053293794393539429e-01 -5.669593811035156250e-04 0.000000000000000000e+00 0.000000000000000000e+00 0.000000000000000000e+00 1.142978668212890625e-03
-5.553960800170898438e-04 1.153062433004379272e-01 0.000000000000000000e+00 1.153707504272460938e-01 -5.553960800170898438e-04 0.000000000000000000e+00 0.000000000000000000e+00 0.000000000000000000e+00 1.495957374572753906e-03
-5.429983139038085938e-04 1.253462284803390503e-01 0.000000000000000000e+00 1.254148036241531372e-01 -5.429983139038085938e-04 0.000000000000000000e+00 0.000000000000000000e+00 0.000000000000000000e+00 1.880884170532226562e-03
-5.295276641845703125e-04 1.353895515203475952e-01 0.000000000000000000e+00 1.354617476463317871e-01 -5.294084548950195312e-04 0.000000000000000000e+00 0.000000000000000000e+00 0.000000000000000000e+00 2.298235893249511719e-03
-5.148649215698242188e-04 1.454363763332366943e-01 0.000000000000000000e+00 1.455117762088775635e-01 -5.148649215698242188e-04 0.000000000000000000e+00 0.000000000000000000e+00 0.000000000000000000e+00 2.747774124145507812e-03
-5.005598068237304688e-04 1.554869115352630615e-01 0.000000000000000000e+00 1.555652916431427002e-01 -5.006790161132812500e-04 0.000000000000000000e+00 0.000000000000000000e+00 0.000000000000000000e+00 3.228187561035156250e-03
-4.851818084716796875e-04 1.655414998531341553e-01 0.000000000000000000e+00 1.656223237514495850e-01 -4.850625991821289062e-04 0.000000000000000000e+00 0.000000000000000000e+00 0.000000000000000000e+00 3.741145133972167969e-03
-4.701614379882812500e-04 1.756002008914947510e-01 0.000000000000000000e+00 1.756833195686340332e-01 -4.701614379882812500e-04 0.000000000000000000e+00 0.000000000000000000e+00 0.000000000000000000e+00 4.284858703613281250e-03
-4.546642303466796875e-04 1.856633126735687256e-01 0.000000000000000000e+00 1.857482492923736572e-01 -4.545450210571289062e-04 0.000000000000000000e+00 0.000000000000000000e+00 0.000000000000000000e+00 4.860401153564453125e-03
-4.383325576782226562e-04 1.957310140132904053e-01 0.000000000000000000e+00 1.958173662424087524e-01 -4.383325576782226562e-04 0.000000000000000000e+00 0.000000000000000000e+00 0.000000000000000000e+00 5.468130111694335938e-03
-4.215240478515625000e-04 2.058035135269165039e-01 0.000000000000000000e+00 2.058908045291900635e-01 -4.215240478515625000e-04 0.000000000000000000e+00 0.000000000000000000e+00 0.000000000000000000e+00 6.107687950134277344e-03
-4.079341888427734375e-04 2.158809751272201538e-01 0.000000000000000000e+00 2.159695327281951904e-01 -4.078149795532226562e-04 0.000000000000000000e+00 0.000000000000000000e+00 0.000000000000000000e+00 6.775617599487304688e-03
-3.920793533325195312e-04 2.259635478258132935e-01 0.000000000000000000e+00 2.260526418685913086e-01 -3.920793533325195312e-04 0.000000000000000000e+00 0.000000000000000000e+00 0.000000000000000000e+00 7.477164268493652344e-03
-3.768205642700195312e-04 2.360514402389526367e-01 0.000000000000000000e+00 2.361408770084381104e-01 -3.768205642700195312e-04 0.000000000000000000e+00 0.000000000000000000e+00 0.000000000000000000e+00 8.209586143493652344e-03
-3.616809844970703125e-04 2.461448162794113159e-01 0.000000000000000000e+00 2.462342977523803711e-01 -3.615617752075195312e-04 0.000000000000000000e+00 0.000000000000000000e+00 0.000000000000000000e+00 8.973598480224609375e-03
-3.479719161987304688e-04 2.562437951564788818e-01 0.000000000000000000e+00 2.563334703445434570e-01 -3.479719161987304688e-04 0.000000000000000000e+00 0.000000000000000000e+00 0.000000000000000000e+00 9.767651557922363281e-03
-3.349781036376953125e-04 2.663485407829284668e-01 0.000000000000000000e+00 2.664381861686706543e-01 -3.348588943481445312e-04 0.000000000000000000e+00 0.000000000000000000e+00 0.000000000000000000e+00 1.059281826019287109e-02
-3.227591514587402344e-04 2.764591574668884277e-01 0.000000000000000000e+00 2.765488028526306152e-01 -3.226995468139648438e-04 0.000000000000000000e+00 0.000000000000000000e+00 0.000000000000000000e+00 1.144874095916748047e-02
-3.113746643066406250e-04 2.865757346153259277e-01 0.000000000000000000e+00 2.866654098033905029e-01 -3.114938735961914062e-04 0.000000000000000000e+00 0.000000000000000000e+00 0.000000000000000000e+00 1.233541965484619141e-02
-3.019571304321289062e-04 2.966985106468200684e-01 0.000000000000000000e+00 2.967885136604309082e-01 -3.020763397216796875e-04 0.000000000000000000e+00 0.000000000000000000e+00 0.000000000000000000e+00 1.325201988220214844e-02
-2.937316894531250000e-04 3.068274557590484619e-01 0.000000000000000000e+00 3.069179654121398926e-01 -2.937316894531250000e-04 0.000000000000000000e+00 0.000000000000000000e+00 0.000000000000000000e+00 1.419949531555175781e-02
-2.858638763427734375e-04 3.169626593589782715e-01 0.000000000000000000e+00 3.170536160469055176e-01 -2.858638763427734375e-04 0.000000000000000000e+00 0.000000000000000000e+00 0.000000000000000000e+00 1.517832279205322266e-02
-2.820491790771484375e-04 3.271043300628662109e-01 0.000000000000000000e+00 3.271968960762023926e-01 -2.819299697875976562e-04 0.000000000000000000e+00 0.000000000000000000e+00 0.000000000000000000e+00 1.618516445159912109e-02
-2.775192260742187500e-04 3.372523784637451172e-01 0.000000000000000000e+00 3.373463451862335205e-01 -2.776384353637695312e-04 0.000000000000000000e+00 0.000000000000000000e+00 0.000000000000000000e+00 1.722455024719238281e-02
-2.756118774414062500e-04 3.474070727825164795e-01 0.000000000000000000e+00 3.475030660629272461e-01 -2.754926681518554688e-04 0.000000000000000000e+00 0.000000000000000000e+00 0.000000000000000000e+00 1.829349994659423828e-02
-2.772808074951171875e-04 3.575682938098907471e-01 0.000000000000000000e+00 3.576677441596984863e-01 -2.772808074951171875e-04 0.000000000000000000e+00 0.000000000000000000e+00 0.000000000000000000e+00 1.939094066619873047e-02
-2.799034118652343750e-04 3.677361607551574707e-01 0.000000000000000000e+00 3.678393363952636719e-01 -2.799034118652343750e-04 0.000000000000000000e+00 0.000000000000000000e+00 0.000000000000000000e+00 2.051949501037597656e-02
-2.855062484741210938e-04 3.779106140136718750e-01 0.000000000000000000e+00 3.780187666416168213e-01 -2.855062484741210938e-04 0.000000000000000000e+00 0.000000000000000000e+00 0.000000000000000000e+00 2.167725563049316406e-02
-2.933740615844726562e-04 3.880918025970458984e-01 0.000000000000000000e+00 3.882059454917907715e-01 -2.934932708740234375e-04 0.000000000000000000e+00 0.000000000000000000e+00 0.000000000000000000e+00 2.286517620086669922e-02
-3.043413162231445312e-04 3.982797265052795410e-01 0.000000000000000000e+00 3.984011113643646240e-01 -3.043413162231445312e-04 0.000000000000000000e+00 0.000000000000000000e+00 0.000000000000000000e+00 2.408230304718017578e-02
-3.186464309692382812e-04 4.084743261337280273e-01 0.000000000000000000e+00 4.086046516895294189e-01 -3.185272216796875000e-04 0.000000000000000000e+00 0.000000000000000000e+00 0.000000000000000000e+00 2.532839775085449219e-02
-3.342628479003906250e-04 4.186756312847137451e-01 0.000000000000000000e+00 4.188156723976135254e-01 -3.341436386108398438e-04 0.000000000000000000e+00 0.000000000000000000e+00 0.000000000000000000e+00 2.660560607910156250e-02
-3.546476364135742188e-04 4.288837313652038574e-01 0.000000000000000000e+00 4.290360212326049805e-01 -3.546476364135742188e-04 0.000000000000000000e+00 0.000000000000000000e+00 0.000000000000000000e+00 2.791047096252441406e-02
-3.786087036132812500e-04 4.390984773635864258e-01 0.000000000000000000e+00 4.392648935317993164e-01 -3.787279129028320312e-04 0.000000000000000000e+00 0.000000000000000000e+00 0.000000000000000000e+00 2.924430370330810547e-02
-4.051923751831054688e-04 4.493199586868286133e-01 0.000000000000000000e+00 4.495021104812622070e-01 -4.051923751831054688e-04 0.000000000000000000e+00 0.000000000000000000e+00 0.000000000000000000e+00 3.060817718505859375e-02
-4.349946975708007812e-04 4.595479965209960938e-01 0.000000000000000000e+00 4.597479104995727539e-01 -4.348754882812500000e-04 0.000000000000000000e+00 0.000000000000000000e+00 0.000000000000000000e+00 3.200149536132812500e-02
-4.690885543823242188e-04 4.697827696800231934e-01 0.000000000000000000e+00 4.700029790401458740e-01 -4.689693450927734375e-04 0.000000000000000000e+00 0.000000000000000000e+00 0.000000000000000000e+00 3.342330455780029297e-02
-5.066990852355957031e-04 4.800240397453308105e-01 0.000000000000000000e+00 4.802672266960144043e-01 -5.067586898803710938e-04 0.000000000000000000e+00 0.000000000000000000e+00 0.000000000000000000e+00 3.487408161163330078e-02
-5.511045455932617188e-04 4.902719259262084961e-01 0.000000000000000000e+00 4.905417859554290771e-01 -5.509853363037109375e-04 0.000000000000000000e+00 0.000000000000000000e+00 0.000000000000000000e+00 3.635108470916748047e-02
-5.961656570434570312e-04 5.005261898040771484e-01 0.000000000000000000e+00 5.008242726325988770e-01 -5.961656570434570312e-04 0.000000000000000000e+00 0.000000000000000000e+00 0.000000000000000000e+00 3.786015510559082031e-02
