-1.733206033706665039e+00 0.000000000000000000e+00 0.000000000000000000e+00 0.000000000000000000e+00 5.329699721187353134e-03 0.000000000000000000e+00 0.000000000000000000e+00 0.000000000000000000e+00 5.329699721187353134e-03
-1.674548506736755371e+00 0.000000000000000000e+00 0.000000000000000000e+00 0.000000000000000000e+00 4.726595245301723480e-03 0.000000000000000000e+00 0.000000000000000000e+00 0.000000000000000000e+00 4.726595245301723480e-03
-1.617816686630249023e+00 0.000000000000000000e+00 0.000000000000000000e+00 0.000000000000000000e+00 4.143746104091405869e-03 0.000000000000000000e+00 0.000000000000000000e+00 0.000000000000000000e+00 4.143746104091405869e-03
-1.562891483306884766e+00 0.000000000000000000e+00 0.000000000000000000e+00 0.000000000000000000e+00 3.558991011232137680e-03 0.000000000000000000e+00 0.000000000000000000e+00 0.000000000000000000e+00 3.558991011232137680e-03
-1.509658694267272949e+00 0.000000000000000000e+00 0.000000000000000000e+00 0.000000000000000000e+00 3.023772733286023140e-03 0.000000000000000000e+00 0.000000000000000000e+00 0.000000000000000000e+00 3.023772733286023140e-03
-1.458024621009826660e+00 0.000000000000000000e+00 0.000000000000000000e+00 0.000000000000000000e+00 2.490452490746974945e-03 0.000000000000000000e+00 0.000000000000000000e+00 0.000000000000000000e+00 2.490452490746974945e-03
-1.407893776893615723e+00 0.000000000000000000e+00 0.000000000000000000e+00 0.000000000000000000e+00 1.960859168320894241e-03 0.000000000000000000e+00 0.000000000000000000e+00 0.000000000000000000e+00 1.960859168320894241e-03
-1.359177470207214355e+00 0.000000000000000000e+00 0.000000000000000000e+00 0.000000000000000000e+00 1.485642394982278347e-03 0.000000000000000000e+00 0.000000000000000000e+00 0.000000000000000000e+00 1.485642394982278347e-03
-1.311803221702575684e+00 0.000000000000000000e+00 0.000000000000000000e+00 0.000000000000000000e+00 1.015618210658431053e-03 0.000000000000000000e+00 0.000000000000000000e+00 0.000000000000000000e+00 1.015618210658431053e-03
-1.265691399574279785e+00 0.000000000000000000e+00 0.000000000000000000e+00 0.000000000000000000e+00 5.786406109109520912e-04 0.000000000000000000e+00 0.000000000000000000e+00 0.000000000000000000e+00 5.786406109109520912e-04
-1.220780134201049805e+00 0.000000000000000000e+00 0.000000000000000000e+00 0.000000000000000000e+00 1.720641157589852810e-04 0.000000000000000000e+00 0.000000000000000000e+00 0.000000000000000000e+00 1.720641157589852810e-04
-1.177004456520080566e+00 0.000000000000000000e+00 0.000000000000000000e+00 0.000000000000000000e+00 -2.247084048576653004e-04 0.000000000000000000e+00 0.000000000000000000e+00 0.000000000000000000e+00 -2.247084048576653004e-04
-1.134306430816650391e+00 0.000000000000000000e+00 0.000000000000000000e+00 0.000000000000000000e+00 -5.891754990443587303e-04 0.000000000000000000e+00 0.000000000000000000e+00 0.000000000000000000e+00 -5.891754990443587303e-04
-1.092633128166198730e+00 0.000000000000000000e+00 0.000000000000000000e+00 0.000000000000000000e+00 -9.209649870172142982e-04 0.000000000000000000e+00 0.000000000000000000e+00 0.000000000000000000e+00 -9.209649870172142982e-04
-1.051932096481323242e+00 0.000000000000000000e+00 0.000000000000000000e+00 0.000000000000000000e+00 -1.219248748384416103e-03 0.000000000000000000e+00 0.000000000000000000e+00 0.000000000000000000e+00 -1.219248748384416103e-03
-1.012162089347839355e+00 0.000000000000000000e+00 0.000000000000000000e+00 0.000000000000000000e+00 -1.509953639470040798e-03 0.000000000000000000e+00 0.000000000000000000e+00 0.000000000000000000e+00 -1.509953639470040798e-03
-9.732723832130432129e-01 0.000000000000000000e+00 0.000000000000000000e+00 0.000000000000000000e+00 -1.743706525303423405e-03 0.000000000000000000e+00 0.000000000000000000e+00 0.000000000000000000e+00 -1.743706525303423405e-03
-9.352288246154785156e-01 0.000000000000000000e+00 0.000000000000000000e+00 0.000000000000000000e+00 -1.970220124348998070e-03 0.000000000000000000e+00 0.000000000000000000e+00 0.000000000000000000e+00 -1.970220124348998070e-03
-8.979928493499755859e-01 0.000000000000000000e+00 0.000000000000000000e+00 0.000000000000000000e+00 -2.167605794966220856e-03 0.000000000000000000e+00 0.000000000000000000e+00 0.000000000000000000e+00 -2.167605794966220856e-03
-8.615276217460632324e-01 0.000000000000000000e+00 0.000000000000000000e+00 0.000000000000000000e+00 -2.358028898015618324e-03 0.000000000000000000e+00 0.000000000000000000e+00 0.000000000000000000e+00 -2.358028898015618324e-03
-8.257973194122314453e-01 0.000000000000000000e+00 0.000000000000000000e+00 0.000000000000000000e+00 -2.495173132047057152e-03 0.000000000000000000e+00 0.000000000000000000e+00 0.000000000000000000e+00 -2.495173132047057152e-03
-7.907764315605163574e-01 0.000000000000000000e+00 0.000000000000000000e+00 0.000000000000000000e+00 -2.629262162372469902e-03 0.000000000000000000e+00 0.000000000000000000e+00 0.000000000000000000e+00 -2.629262162372469902e-03
-7.564315795898437500e-01 0.000000000000000000e+00 0.000000000000000000e+00 0.000000000000000000e+00 -2.736436901614069939e-03 0.000000000000000000e+00 0.000000000000000000e+00 0.000000000000000000e+00 -2.736436901614069939e-03
-7.227371335029602051e-01 0.000000000000000000e+00 0.000000000000000000e+00 0.000000000000000000e+00 -2.818618202582001686e-03 0.000000000000000000e+00 0.000000000000000000e+00 0.000000000000000000e+00 -2.818618202582001686e-03
-6.896641254425048828e-01 0.000000000000000000e+00 0.000000000000000000e+00 0.000000000000000000e+00 -2.874755067750811577e-03 0.000000000000000000e+00 0.000000000000000000e+00 0.000000000000000000e+00 -2.874755067750811577e-03
-6.571913957595825195e-01 0.000000000000000000e+00 0.000000000000000000e+00 0.000000000000000000e+00 -2.909049857407808304e-03 0.000000000000000000e+00 0.000000000000000000e+00 0.000000000000000000e+00 -2.909049857407808304e-03
-6.252948045730590820e-01 0.000000000000000000e+00 0.000000000000000000e+00 0.000000000000000000e+00 -2.921658800914883614e-03 0.000000000000000000e+00 0.000000000000000000e+00 0.000000000000000000e+00 -2.921658800914883614e-03
-5.939568281173706055e-01 0.000000000000000000e+00 0.000000000000000000e+00 0.000000000000000000e+00 -2.938860794529318810e-03 0.000000000000000000e+00 0.000000000000000000e+00 0.000000000000000000e+00 -2.938860794529318810e-03
-5.631456971168518066e-01 0.000000000000000000e+00 0.000000000000000000e+00 0.000000000000000000e+00 -2.910139271989464760e-03 0.000000000000000000e+00 0.000000000000000000e+00 0.000000000000000000e+00 -2.910139271989464760e-03
-5.328540802001953125e-01 0.000000000000000000e+00 0.000000000000000000e+00 0.000000000000000000e+00 -2.889689290896058083e-03 0.000000000000000000e+00 0.000000000000000000e+00 0.000000000000000000e+00 -2.889689290896058083e-03
-5.030547976493835449e-01 0.000000000000000000e+00 0.000000000000000000e+00 0.000000000000000000e+00 -2.828915603458881378e-03 0.000000000000000000e+00 0.000000000000000000e+00 0.000000000000000000e+00 -2.828915603458881378e-03
-4.737359881401062012e-01 0.000000000000000000e+00 0.000000000000000000e+00 0.000000000000000000e+00 -2.776416251435875893e-03 0.000000000000000000e+00 0.000000000000000000e+00 0.000000000000000000e+00 -2.776416251435875893e-03
-4.448802769184112549e-01 0.000000000000000000e+00 0.000000000000000000e+00 0.000000000000000000e+00 -2.712224610149860382e-03 0.000000000000000000e+00 0.000000000000000000e+00 0.000000000000000000e+00 -2.712224610149860382e-03
-4.164677560329437256e-01 0.000000000000000000e+00 0.000000000000000000e+00 0.000000000000000000e+00 -2.633432392030954361e-03 0.000000000000000000e+00 0.000000000000000000e+00 0.000000000000000000e+00 -2.633432392030954361e-03
-3.884881138801574707e-01 0.000000000000000000e+00 0.000000000000000000e+00 0.000000000000000000e+00 -2.545719267800450325e-03 0.000000000000000000e+00 0.000000000000000000e+00 0.000000000000000000e+00 -2.545719267800450325e-03
-3.609231114387512207e-01 0.000000000000000000e+00 0.000000000000000000e+00 0.000000000000000000e+00 -2.447852632030844688e-03 0.000000000000000000e+00 0.000000000000000000e+00 0.000000000000000000e+00 -2.447852632030844688e-03
-3.337590396404266357e-01 0.000000000000000000e+00 0.000000000000000000e+00 0.000000000000000000e+00 -2.340272534638643265e-03 0.000000000000000000e+00 0.000000000000000000e+00 0.000000000000000000e+00 -2.340272534638643265e-03
-3.069842755794525146e-01 0.000000000000000000e+00 0.000000000000000000e+00 0.000000000000000000e+00 -2.225568052381277084e-03 0.000000000000000000e+00 0.000000000000000000e+00 0.000000000000000000e+00 -2.225568052381277084e-03
-2.805866599082946777e-01 0.000000000000000000e+00 0.000000000000000000e+00 0.000000000000000000e+00 -2.105376217514276505e-03 0.000000000000000000e+00 0.000000000000000000e+00 0.000000000000000000e+00 -2.105376217514276505e-03
-2.545543313026428223e-01 0.000000000000000000e+00 0.000000000000000000e+00 0.000000000000000000e+00 -1.981098903343081474e-03 0.000000000000000000e+00 0.000000000000000000e+00 0.000000000000000000e+00 -1.981098903343081474e-03
-2.288741469383239746e-01 0.000000000000000000e+00 0.000000000000000000e+00 0.000000000000000000e+00 -1.852470915764570236e-03 0.000000000000000000e+00 0.000000000000000000e+00 0.000000000000000000e+00 -1.852470915764570236e-03
-2.035379558801651001e-01 0.000000000000000000e+00 0.000000000000000000e+00 0.000000000000000000e+00 -1.722686341963708401e-03 0.000000000000000000e+00 0.000000000000000000e+00 0.000000000000000000e+00 -1.722686341963708401e-03
-1.785331964492797852e-01 0.000000000000000000e+00 0.000000000000000000e+00 0.000000000000000000e+00 -1.591126318089663982e-03 0.000000000000000000e+00 0.000000000000000000e+00 0.000000000000000000e+00 -1.591126318089663982e-03
-1.538428068161010742e-01 0.000000000000000000e+00 0.000000000000000000e+00 0.000000000000000000e+00 -1.432020100764930248e-03 0.000000000000000000e+00 0.000000000000000000e+00 0.000000000000000000e+00 -1.432020100764930248e-03
-1.294730752706527710e-01 0.000000000000000000e+00 0.000000000000000000e+00 0.000000000000000000e+00 -1.301259151659905910e-03 0.000000000000000000e+00 0.000000000000000000e+00 0.000000000000000000e+00 -1.301259151659905910e-03
-1.054064705967903137e-01 0.000000000000000000e+00 0.000000000000000000e+00 0.000000000000000000e+00 -1.172360382042825222e-03 0.000000000000000000e+00 0.000000000000000000e+00 0.000000000000000000e+00 -1.172360382042825222e-03
-8.163484185934066772e-02 0.000000000000000000e+00 0.000000000000000000e+00 0.000000000000000000e+00 -1.046857447363436222e-03 0.000000000000000000e+00 0.000000000000000000e+00 0.000000000000000000e+00 -1.046857447363436222e-03
-5.814185738563537598e-02 0.000000000000000000e+00 0.000000000000000000e+00 0.000000000000000000e+00 -8.976745302788913250e-04 0.000000000000000000e+00 0.000000000000000000e+00 0.000000000000000000e+00 -8.976745302788913250e-04
-3.493428975343704224e-02 0.000000000000000000e+00 0.000000000000000000e+00 0.000000000000000000e+00 -7.801116444170475006e-04 0.000000000000000000e+00 0.000000000000000000e+00 0.000000000000000000e+00 -7.801116444170475006e-04
-1.199007034301757812e-02 0.000000000000000000e+00 0.000000000000000000e+00 0.000000000000000000e+00 -6.408693734556436539e-04 0.000000000000000000e+00 0.000000000000000000e+00 0.000000000000000000e+00 -6.408693734556436539e-04
1.068758964538574219e-02 0.000000000000000000e+00 0.000000000000000000e+00 0.000000000000000000e+00 -5.197522696107625961e-04 0.000000000000000000e+00 0.000000000000000000e+00 0.000000000000000000e+00 -5.197522696107625961e-04
3.310693055391311646e-02 0.000000000000000000e+00 0.000000000000000000e+00 0.000000000000000000e+00 -4.004182701464742422e-04 0.000000000000000000e+00 0.000000000000000000e+00 0.000000000000000000e+00 -4.004182701464742422e-04
5.527951940894126892e-02 0.000000000000000000e+00 0.000000000000000000e+00 0.000000000000000000e+00 -2.846459974534809589e-04 0.000000000000000000e+00 0.000000000000000000e+00 0.000000000000000000e+00 -2.846459974534809589e-04
7.720906287431716919e-02 0.000000000000000000e+00 0.000000000000000000e+00 0.000000000000000000e+00 -1.743340690154582262e-04 0.000000000000000000e+00 0.000000000000000000e+00 0.000000000000000000e+00 -1.743340690154582262e-04
9.890426695346832275e-02 0.000000000000000000e+00 0.000000000000000000e+00 0.000000000000000000e+00 -6.959395250305533409e-05 0.000000000000000000e+00 0.000000000000000000e+00 0.000000000000000000e+00 -6.959395250305533409e-05
1.203927993774414062e-01 0.000000000000000000e+00 0.000000000000000000e+00 0.000000000000000000e+00 3.363480936968699098e-05 0.000000000000000000e+00 0.000000000000000000e+00 0.000000000000000000e+00 3.363480936968699098e-05
1.416333019733428955e-01 0.000000000000000000e+00 0.000000000000000000e+00 0.000000000000000000e+00 1.231989153893664479e-04 0.000000000000000000e+00 0.000000000000000000e+00 0.000000000000000000e+00 1.231989153893664479e-04
1.626587808132171631e-01 0.000000000000000000e+00 0.000000000000000000e+00 0.000000000000000000e+00 2.111444191541522741e-04 0.000000000000000000e+00 0.000000000000000000e+00 0.000000000000000000e+00 2.111444191541522741e-04
1.834686696529388428e-01 0.000000000000000000e+00 0.000000000000000000e+00 0.000000000000000000e+00 2.862706605810672045e-04 0.000000000000000000e+00 0.000000000000000000e+00 0.000000000000000000e+00 2.862706605810672045e-04
2.040728479623794556e-01 0.000000000000000000e+00 0.000000000000000000e+00 0.000000000000000000e+00 3.574039146769791842e-04 0.000000000000000000e+00 0.000000000000000000e+00 0.000000000000000000e+00 3.574039146769791842e-04
2.244748920202255249e-01 0.000000000000000000e+00 0.000000000000000000e+00 0.000000000000000000e+00 4.204949946142733097e-04 0.000000000000000000e+00 0.000000000000000000e+00 0.000000000000000000e+00 4.204949946142733097e-04
2.446793466806411743e-01 0.000000000000000000e+00 0.000000000000000000e+00 0.000000000000000000e+00 4.741168522741645575e-04 0.000000000000000000e+00 0.000000000000000000e+00 0.000000000000000000e+00 4.741168522741645575e-04
2.646910846233367920e-01 0.000000000000000000e+00 0.000000000000000000e+00 0.000000000000000000e+00 5.205377819947898388e-04 0.000000000000000000e+00 0.000000000000000000e+00 0.000000000000000000e+00 5.205377819947898388e-04
2.845140695571899414e-01 0.000000000000000000e+00 0.000000000000000000e+00 0.000000000000000000e+00 5.568991764448583126e-04 0.000000000000000000e+00 0.000000000000000000e+00 0.000000000000000000e+00 5.568991764448583126e-04
3.041537404060363770e-01 0.000000000000000000e+00 0.000000000000000000e+00 0.000000000000000000e+00 5.852301837876439095e-04 0.000000000000000000e+00 0.000000000000000000e+00 0.000000000000000000e+00 5.852301837876439095e-04
3.236338198184967041e-01 0.000000000000000000e+00 0.000000000000000000e+00 0.000000000000000000e+00 6.091100513003766537e-04 0.000000000000000000e+00 0.000000000000000000e+00 0.000000000000000000e+00 6.091100513003766537e-04
3.429171741008758545e-01 0.000000000000000000e+00 0.000000000000000000e+00 0.000000000000000000e+00 6.169744883663952351e-04 0.000000000000000000e+00 0.000000000000000000e+00 0.000000000000000000e+00 6.169744883663952351e-04
3.620299994945526123e-01 0.000000000000000000e+00 0.000000000000000000e+00 0.000000000000000000e+00 6.188401021063327789e-04 0.000000000000000000e+00 0.000000000000000000e+00 0.000000000000000000e+00 6.188401021063327789e-04
3.809732794761657715e-01 0.000000000000000000e+00 0.000000000000000000e+00 0.000000000000000000e+00 6.074353004805743694e-04 0.000000000000000000e+00 0.000000000000000000e+00 0.000000000000000000e+00 6.074353004805743694e-04
3.997527360916137695e-01 0.000000000000000000e+00 0.000000000000000000e+00 0.000000000000000000e+00 5.888411542400717735e-04 0.000000000000000000e+00 0.000000000000000000e+00 0.000000000000000000e+00 5.888411542400717735e-04
4.183714091777801514e-01 0.000000000000000000e+00 0.000000000000000000e+00 0.000000000000000000e+00 5.594811518676578999e-04 0.000000000000000000e+00 0.000000000000000000e+00 0.000000000000000000e+00 5.594811518676578999e-04
4.368325769901275635e-01 0.000000000000000000e+00 0.000000000000000000e+00 0.000000000000000000e+00 5.216213176026940346e-04 0.000000000000000000e+00 0.000000000000000000e+00 0.000000000000000000e+00 5.216213176026940346e-04
4.551392793655395508e-01 0.000000000000000000e+00 0.000000000000000000e+00 0.000000000000000000e+00 4.723998135887086391e-04 0.000000000000000000e+00 0.000000000000000000e+00 0.000000000000000000e+00 4.723998135887086391e-04
4.732946455478668213e-01 0.000000000000000000e+00 0.000000000000000000e+00 0.000000000000000000e+00 4.113394825253635645e-04 0.000000000000000000e+00 0.000000000000000000e+00 0.000000000000000000e+00 4.113394825253635645e-04
4.913025200366973877e-01 0.000000000000000000e+00 0.000000000000000000e+00 0.000000000000000000e+00 3.433284291531890631e-04 0.000000000000000000e+00 0.000000000000000000e+00 0.000000000000000000e+00 3.433284291531890631e-04
5.091838240623474121e-01 0.000000000000000000e+00 0.000000000000000000e+00 0.000000000000000000e+00 2.670563990250229836e-04 0.000000000000000000e+00 0.000000000000000000e+00 0.000000000000000000e+00 2.670563990250229836e-04
5.269039273262023926e-01 0.000000000000000000e+00 0.000000000000000000e+00 0.000000000000000000e+00 1.767958456184715033e-04 0.000000000000000000e+00 0.000000000000000000e+00 0.000000000000000000e+00 1.767958456184715033e-04
5.444844365119934082e-01 0.000000000000000000e+00 0.000000000000000000e+00 0.000000000000000000e+00 7.576723146485164762e-05 0.000000000000000000e+00 0.000000000000000000e+00 0.000000000000000000e+00 7.576723146485164762e-05
5.619281530380249023e-01 0.000000000000000000e+00 0.000000000000000000e+00 0.000000000000000000e+00 -3.603100049076601863e-05 0.000000000000000000e+00 0.000000000000000000e+00 0.000000000000000000e+00 -3.603100049076601863e-05
5.792382359504699707e-01 0.000000000000000000e+00 0.000000000000000000e+00 0.000000000000000000e+00 -1.564531848998740315e-04 0.000000000000000000e+00 0.000000000000000000e+00 0.000000000000000000e+00 -1.564531848998740315e-04
5.964164733886718750e-01 0.000000000000000000e+00 0.000000000000000000e+00 0.000000000000000000e+00 -2.902709529735147953e-04 0.000000000000000000e+00 0.000000000000000000e+00 0.000000000000000000e+00 -2.902709529735147953e-04
6.134662032127380371e-01 0.000000000000000000e+00 0.000000000000000000e+00 0.000000000000000000e+00 -4.306881164666265249e-04 0.000000000000000000e+00 0.000000000000000000e+00 0.000000000000000000e+00 -4.306881164666265249e-04
6.303883790969848633e-01 0.000000000000000000e+00 0.000000000000000000e+00 0.000000000000000000e+00 -5.856959614902734756e-04 0.000000000000000000e+00 0.000000000000000000e+00 0.000000000000000000e+00 -5.856959614902734756e-04
6.471872925758361816e-01 0.000000000000000000e+00 0.000000000000000000e+00 0.000000000000000000e+00 -7.475448655895888805e-04 0.000000000000000000e+00 0.000000000000000000e+00 0.000000000000000000e+00 -7.475448655895888805e-04
6.638634204864501953e-01 0.000000000000000000e+00 0.000000000000000000e+00 0.000000000000000000e+00 -9.214835590682923794e-04 0.000000000000000000e+00 0.000000000000000000e+00 0.000000000000000000e+00 -9.214835590682923794e-04
6.804375052452087402e-01 0.000000000000000000e+00 0.000000000000000000e+00 0.000000000000000000e+00 -1.101548550650477409e-03 0.000000000000000000e+00 0.000000000000000000e+00 0.000000000000000000e+00 -1.101548550650477409e-03
6.968763470649719238e-01 0.000000000000000000e+00 0.000000000000000000e+00 0.000000000000000000e+00 -1.295855734497308731e-03 0.000000000000000000e+00 0.000000000000000000e+00 0.000000000000000000e+00 -1.295855734497308731e-03
7.131996750831604004e-01 0.000000000000000000e+00 0.000000000000000000e+00 0.000000000000000000e+00 -1.500588376075029373e-03 0.000000000000000000e+00 0.000000000000000000e+00 0.000000000000000000e+00 -1.500588376075029373e-03
7.294098734855651855e-01 0.000000000000000000e+00 0.000000000000000000e+00 0.000000000000000000e+00 -1.713602221570909023e-03 0.000000000000000000e+00 0.000000000000000000e+00 0.000000000000000000e+00 -1.713602221570909023e-03
7.455077171325683594e-01 0.000000000000000000e+00 0.000000000000000000e+00 0.000000000000000000e+00 -1.940145855769515038e-03 0.000000000000000000e+00 0.000000000000000000e+00 0.000000000000000000e+00 -1.940145855769515038e-03
7.614963054656982422e-01 0.000000000000000000e+00 0.000000000000000000e+00 0.000000000000000000e+00 -2.175570931285619736e-03 0.000000000000000000e+00 0.000000000000000000e+00 0.000000000000000000e+00 -2.175570931285619736e-03
7.773779630661010742e-01 0.000000000000000000e+00 0.000000000000000000e+00 0.000000000000000000e+00 -2.419401658698916435e-03 0.000000000000000000e+00 0.000000000000000000e+00 0.000000000000000000e+00 -2.419401658698916435e-03
7.931531071662902832e-01 0.000000000000000000e+00 0.000000000000000000e+00 0.000000000000000000e+00 -2.675218274816870689e-03 0.000000000000000000e+00 0.000000000000000000e+00 0.000000000000000000e+00 -2.675218274816870689e-03
8.088233470916748047e-01 0.000000000000000000e+00 0.000000000000000000e+00 0.000000000000000000e+00 -2.943142550066113472e-03 0.000000000000000000e+00 0.000000000000000000e+00 0.000000000000000000e+00 -2.943142550066113472e-03
8.243931531906127930e-01 0.000000000000000000e+00 0.000000000000000000e+00 0.000000000000000000e+00 -3.216736018657684326e-03 0.000000000000000000e+00 0.000000000000000000e+00 0.000000000000000000e+00 -3.216736018657684326e-03
8.398778438568115234e-01 0.000000000000000000e+00 0.000000000000000000e+00 0.000000000000000000e+00 -3.499455982819199562e-03 0.000000000000000000e+00 0.000000000000000000e+00 0.000000000000000000e+00 -3.499455982819199562e-03
8.552475571632385254e-01 0.000000000000000000e+00 0.000000000000000000e+00 0.000000000000000000e+00 -3.796081757172942162e-03 0.000000000000000000e+00 0.000000000000000000e+00 0.000000000000000000e+00 -3.796081757172942162e-03
8.705206513404846191e-01 0.000000000000000000e+00 0.000000000000000000e+00 0.000000000000000000e+00 -4.099933430552482605e-03 0.000000000000000000e+00 0.000000000000000000e+00 0.000000000000000000e+00 -4.099933430552482605e-03
8.856973052024841309e-01 0.000000000000000000e+00 0.000000000000000000e+00 0.000000000000000000e+00 -4.417453892529010773e-03 0.000000000000000000e+00 0.000000000000000000e+00 0.000000000000000000e+00 -4.417453892529010773e-03
9.007803201675415039e-01 0.000000000000000000e+00 0.000000000000000000e+00 0.000000000000000000e+00 -4.742562770843505859e-03 0.000000000000000000e+00 0.000000000000000000e+00 0.000000000000000000e+00 -4.742562770843505859e-03
