7.734423279762268066e-01
7.379992008209228516e-01
7.036419510841369629e-01
6.703549027442932129e-01
6.381201744079589844e-01
6.069201231002807617e-01
5.767329931259155273e-01
5.475392341613769531e-01
5.193175077438354492e-01
4.920452237129211426e-01
4.657012820243835449e-01
4.402639269828796387e-01
4.157117903232574463e-01
3.920243382453918457e-01
3.691816627979278564e-01
3.471638858318328857e-01
3.259523212909698486e-01
3.055294752120971680e-01
2.858784794807434082e-01
2.669832408428192139e-01
2.488290071487426758e-01
2.314007282257080078e-01
2.146855592727661133e-01
1.986710131168365479e-01
1.833448112010955811e-01
1.686961203813552856e-01
1.547143459320068359e-01
1.413901299238204956e-01
1.287135779857635498e-01
1.166766732931137085e-01
1.052710190415382385e-01
9.448892623186111450e-02
8.432295918464660645e-02
7.476643472909927368e-02
6.581290811300277710e-02
5.745548754930496216e-02
4.968906939029693604e-02
4.250714555382728577e-02
3.590440005064010620e-02
2.987612783908843994e-02
2.441667206585407257e-02
1.952110789716243744e-02
1.518546324223279953e-02
1.140446588397026062e-02
8.173799142241477966e-03
5.489510018378496170e-03
3.347530728206038475e-03
1.743797212839126587e-03
6.743674166500568390e-04
1.358985900878906250e-04
1.248121261596679688e-04
6.376509554684162140e-04
1.671079080551862717e-03
3.222358645871281624e-03
5.287799518555402756e-03
7.868480868637561798e-03
1.095570903271436691e-02
1.454973127692937851e-02
1.864805445075035095e-02
2.324854210019111633e-02
2.834929898381233215e-02
3.394819051027297974e-02
4.004320502281188965e-02
4.663268476724624634e-02
5.371592566370964050e-02
6.129842624068260193e-02
6.936458498239517212e-02
7.792001217603683472e-02
8.696449548006057739e-02
9.649648517370223999e-02
1.065161228179931641e-01
1.170216351747512817e-01
1.280143409967422485e-01
1.394925862550735474e-01
1.514571011066436768e-01
1.639195829629898071e-01
1.768568009138107300e-01
1.902796030044555664e-01
2.041893303394317627e-01
2.185857594013214111e-01
2.334703058004379272e-01
2.488427758216857910e-01
2.647044658660888672e-01
2.810558974742889404e-01
2.978983521461486816e-01
3.152507245540618896e-01
3.330785334110260010e-01
3.514006435871124268e-01
3.702187538146972656e-01
3.895337581634521484e-01
4.093468189239501953e-01
4.296600520610809326e-01
4.504750370979309082e-01
4.717927277088165283e-01
4.936155080795288086e-01
5.159673690795898438e-01
5.388053655624389648e-01
5.621532797813415527e-01
5.860138535499572754e-01
6.103883385658264160e-01
