1.246737241744995117e-01
1.196696758270263672e-01
1.147692203521728516e-01
1.099721193313598633e-01
1.052786111831665039e-01
1.006883382797241211e-01
9.620141983032226562e-02
9.181761741638183594e-02
8.753705024719238281e-02
8.335971832275390625e-02
7.928514480590820312e-02
7.531344890594482422e-02
7.144474983215332031e-02
6.767892837524414062e-02
6.401574611663818359e-02
6.045544147491455078e-02
5.699753761291503906e-02
5.364203453063964844e-02
5.038928985595703125e-02
4.723882675170898438e-02
4.419076442718505859e-02
4.124486446380615234e-02
3.840136528015136719e-02
3.565990924835205078e-02
3.302049636840820312e-02
3.048324584960937500e-02
2.804780006408691406e-02
2.571451663970947266e-02
2.348291873931884766e-02
2.135324478149414062e-02
1.932525634765625000e-02
1.739895343780517578e-02
1.557445526123046875e-02
1.385164260864257812e-02
1.223015785217285156e-02
1.071047782897949219e-02
9.292244911193847656e-03
7.975339889526367188e-03
6.759881973266601562e-03
5.645871162414550781e-03
4.633188247680664062e-03
3.721714019775390625e-03
2.911925315856933594e-03
2.203226089477539062e-03
1.595854759216308594e-03
1.089692115783691406e-03
6.847381591796875000e-04
3.809928894042968750e-04
1.786947250366210938e-04
7.736682891845703125e-05
7.736682891845703125e-05
1.786947250366210938e-04
3.809928894042968750e-04
6.847381591796875000e-04
1.089692115783691406e-03
1.595854759216308594e-03
2.203226089477539062e-03
2.911925315856933594e-03
3.721714019775390625e-03
4.633188247680664062e-03
5.645871162414550781e-03
6.759881973266601562e-03
7.975339889526367188e-03
9.292244911193847656e-03
1.071047782897949219e-02
1.223015785217285156e-02
1.385164260864257812e-02
1.557445526123046875e-02
1.739895343780517578e-02
1.932525634765625000e-02
2.135324478149414062e-02
2.348291873931884766e-02
2.571451663970947266e-02
2.804780006408691406e-02
3.048324584960937500e-02
3.302049636840820312e-02
3.565990924835205078e-02
3.840136528015136719e-02
4.124486446380615234e-02
4.419076442718505859e-02
4.723882675170898438e-02
5.038928985595703125e-02
5.364203453063964844e-02
5.699753761291503906e-02
6.045544147491455078e-02
6.401574611663818359e-02
6.767892837524414062e-02
7.144474983215332031e-02
7.531344890594482422e-02
7.928514480590820312e-02
8.335971832275390625e-02
8.753705024719238281e-02
9.181761741638183594e-02
9.620141983032226562e-02
1.006883382797241211e-01
1.052786111831665039e-01
1.099721193313598633e-01
1.147692203521728516e-01
1.196696758270263672e-01
1.246737241744995117e-01
