3.645105957984924316e-01
3.472939729690551758e-01
3.306612372398376465e-01
3.145927488803863525e-01
2.990710139274597168e-01
2.840799987316131592e-01
2.696032524108886719e-01
2.556267976760864258e-01
2.421359568834304810e-01
2.291182577610015869e-01
2.165605872869491577e-01
2.044515609741210938e-01
1.927798986434936523e-01
1.815347820520401001e-01
1.707062721252441406e-01
1.602850258350372314e-01
1.502610892057418823e-01
1.406262218952178955e-01
1.313720047473907471e-01
1.224906891584396362e-01
1.139739975333213806e-01
1.058151274919509888e-01
9.800665080547332764e-02
9.054235368967056274e-02
8.341530710458755493e-02
7.661917805671691895e-02
7.014834135770797729e-02
6.399695575237274170e-02
5.815986916422843933e-02
5.263088271021842957e-02
4.740545153617858887e-02
4.247880727052688599e-02
3.784545511007308960e-02
3.350181132555007935e-02
2.944239228963851929e-02
2.566325478255748749e-02
2.216058224439620972e-02
1.893007941544055939e-02
1.596781052649021149e-02
1.327007729560136795e-02
1.083341892808675766e-02
8.653901517391204834e-03
6.728781852871179581e-03
5.053766071796417236e-03
3.626350080594420433e-03
2.443315228447318077e-03
1.501560793258249760e-03
7.985831471160054207e-04
3.306865983176976442e-04
9.572505950927734375e-05
9.071826934814453125e-05
3.132820420432835817e-04
7.607938023284077644e-04
1.430750358849763870e-03
2.320529194548726082e-03
3.429415402933955193e-03
4.752402193844318390e-03
6.288894452154636383e-03
8.036507293581962585e-03
9.992619045078754425e-03
1.215615775436162949e-02
1.452426146715879440e-02
1.709550060331821442e-02
1.986761018633842468e-02
2.283892408013343811e-02
2.601098828017711639e-02
2.937522158026695251e-02
3.293401002883911133e-02
3.668449074029922485e-02
4.062559455633163452e-02
4.475552588701248169e-02
4.907310381531715393e-02
5.357617512345314026e-02
5.826342850923538208e-02
6.313391774892807007e-02
6.819049268960952759e-02
7.342219352722167969e-02
7.883223891258239746e-02
8.441979438066482544e-02
9.018295258283615112e-02
9.612087905406951904e-02
1.022321432828903198e-01
1.085153073072433472e-01
1.149689555168151855e-01
1.215922385454177856e-01
1.283908933401107788e-01
1.353503614664077759e-01
1.424753069877624512e-01
1.497654765844345093e-01
1.572197973728179932e-01
1.648361384868621826e-01
1.726148575544357300e-01
1.805542558431625366e-01
1.886524707078933716e-01
1.969100534915924072e-01
2.053332328796386719e-01
2.139048427343368530e-01
2.226323783397674561e-01
2.315150052309036255e-01
2.405509501695632935e-01
