-8.594726026058197021e-02
2.243640899658203125e+00
1.898976325988769531e+00
1.120161056518554688e+00
-1.663683652877807617e+00
1.384054183959960938e+00
-8.359526991844177246e-01
-1.604819655418395996e+00
-1.675158441066741943e-01
-1.025695443153381348e+00
2.054396867752075195e+00
-2.822964787483215332e-01
1.569839596748352051e+00
-4.103698432445526123e-01
1.806098461151123047e+00
-1.051761865615844727e+00
2.131361961364746094e+00
-2.158451795578002930e+00
-1.984381437301635742e+00
-8.177383542060852051e-01
-3.173618793487548828e+00
-6.664746999740600586e-01
-4.102251827716827393e-01
-4.473919868469238281e-01
-1.751733422279357910e+00
-5.111250877380371094e-01
-1.517314016819000244e-01
2.102932184934616089e-01
1.372536063194274902e+00
-4.371762573719024658e-01
3.121673583984375000e+00
-1.020651578903198242e+00
