1.796328641390232406e-09 2.017381817154273449e-09 4.204963147640228271e-02 4.204970598220825195e-02
4.972730763256549835e-03 1.466848305426537991e-03 5.907309707254171371e-03 2.691449165344238281e+00
4.483852069824934006e-03 1.335048815235495567e-03 8.014893159270286560e-03 2.581303596496582031e+00
2.697584917768836021e-03 1.282077049836516380e-03 1.394827198237180710e-02 2.393832445144653320e+00
-0.000000000000000000e+00 -0.000000000000000000e+00 3.947922885417938232e-01 3.947920501232147217e-01
5.048091057687997818e-03 1.272043678909540176e-03 1.182187162339687347e-02 2.467433452606201172e+00
-0.000000000000000000e+00 -0.000000000000000000e+00 4.853512942790985107e-01 4.852893054485321045e-01
4.911069481750018895e-06 -0.000000000000000000e+00 5.437015891075134277e-01 5.399581789970397949e-01
2.166808954484622518e-09 -0.000000000000000000e+00 2.327385693788528442e-01 2.327385395765304565e-01
6.908340566269544070e-09 2.040913216205808567e-09 5.046257972717285156e-01 5.046263933181762695e-01
7.247217893600463867e-01 1.301520466804504395e-01 2.045795917510986328e+00 1.268834322690963745e-01
1.920324005186557770e-02 5.269559100270271301e-03 5.946616176515817642e-03 2.106288671493530273e+00
6.914062500000000000e-01 1.621935218572616577e-01 2.679327726364135742e+00 1.243168339133262634e-01
-0.000000000000000000e+00 -0.000000000000000000e+00 6.718633770942687988e-01 6.718621253967285156e-01
5.639712214469909668e-01 9.871084243059158325e-02 1.718645334243774414e+00 1.021340489387512207e-01
-0.000000000000000000e+00 -0.000000000000000000e+00 4.168174564838409424e-01 4.166255295276641846e-01
6.613602638244628906e-01 7.749888300895690918e-02 1.194049358367919922e+00 9.641379863023757935e-02
-0.000000000000000000e+00 -0.000000000000000000e+00 5.992488265037536621e-01 5.935239195823669434e-01
2.677098382264375687e-03 8.655257523059844971e-03 1.512143877334892750e-03 1.100944042205810547e+00
-0.000000000000000000e+00 -0.000000000000000000e+00 2.274487465620040894e-01 2.274486273527145386e-01
9.354392066597938538e-03 9.304045699536800385e-03 2.640938043594360352e+00 4.176647588610649109e-02
-0.000000000000000000e+00 -0.000000000000000000e+00 1.969366073608398438e-01 1.969364434480667114e-01
-0.000000000000000000e+00 -0.000000000000000000e+00 8.964591473340988159e-02 8.964579552412033081e-02
-0.000000000000000000e+00 -0.000000000000000000e+00 5.669301748275756836e-01 5.669283270835876465e-01
1.161404084015771332e-09 -0.000000000000000000e+00 8.138552308082580566e-01 8.138547539710998535e-01
6.312045996992310393e-08 8.656432726183993509e-08 5.028725266456604004e-01 5.028756856918334961e-01
-0.000000000000000000e+00 -0.000000000000000000e+00 4.765738174319267273e-02 4.765713587403297424e-02
-0.000000000000000000e+00 -0.000000000000000000e+00 6.181368827819824219e-01 6.181252002716064453e-01
3.161906730383634567e-03 1.321615418419241905e-03 1.331656612455844879e-02 2.481135845184326172e+00
2.933105314184558665e-09 4.916150597722435123e-09 1.727481037378311157e-01 1.727482378482818604e-01
5.432865116745233536e-03 1.971223857253789902e-03 1.184233813546597958e-03 3.027750015258789062e+00
3.493187739067593611e-09 1.590616527380461775e-09 2.279943525791168213e-01 2.279943525791168213e-01
